1979-09-16,1.5
1979-09-17,1.5
1979-09-18,1.5
1979-09-19,1.5
1979-09-20,1.6
1979-09-21,1.6
1979-09-22,1.5
1979-09-23,1.5
1979-09-24,1.6
1979-09-25,1.6
1979-09-26,1.6
1979-09-27,1.6
1979-09-28,1.6
1979-09-29,1.6
1979-09-30,1.6
1979-10-01,1.6
1979-10-02,1.6
1979-10-03,1.6
1979-10-04,1.7
1979-10-05,1.7
1979-10-06,1.7
1979-10-07,1.8
1979-10-08,2.1
1979-10-09,1.9
1979-10-10,1.8
1979-10-11,1.8
1979-10-12,1.8
1979-10-13,1.8
1979-10-14,2.0
1979-10-15,2.3
1979-10-16,2.1
1979-10-17,2.0
1979-10-18,2.2
1979-10-19,6.3
1979-10-20,4.4
1979-10-21,3.0
1979-10-22,2.7
1979-10-23,2.5
1979-10-24,2.4
1979-10-25,8.9
1979-10-26,4.4
1979-10-27,3.0
1979-10-28,2.7
1979-10-29,2.5
1979-10-30,2.5
1979-10-31,2.6
1979-11-01,2.4
1979-11-02,2.4
1979-11-03,2.8
1979-11-04,2.8
1979-11-05,2.7
1979-11-06,2.5
1979-11-07,2.5
1979-11-08,2.4
1979-11-09,2.4
1979-11-10,2.3
1979-11-11,2.3
1979-11-12,2.3
1979-11-13,2.3
1979-11-14,2.3
1979-11-15,2.2
1979-11-16,2.3
1979-11-17,2.9
1979-11-18,2.6
1979-11-19,2.4
1979-11-20,2.2
1979-11-21,2.1
1979-11-22,2.4
1979-11-23,2.6
1979-11-24,3.6
1979-11-25,3.9
1979-11-26,4.2
1979-11-27,3.0
1979-11-28,2.8
1979-11-29,2.7
1979-11-30,2.7
1979-12-01,2.6
1979-12-02,2.7
1979-12-03,2.7
1979-12-04,2.6
1979-12-05,2.6
1979-12-06,2.5
1979-12-07,2.5
1979-12-08,2.5
1979-12-09,2.5
1979-12-10,2.5
1979-12-11,2.4
1979-12-12,2.4
1979-12-13,2.3
1979-12-14,2.3
1979-12-15,2.3
1979-12-16,2.2
1979-12-17,2.2
1979-12-18,2.3
1979-12-19,2.4
1979-12-20,2.4
1979-12-21,2.6
1979-12-22,2.4
1979-12-23,2.4
1979-12-24,2.4
1979-12-25,2.4
1979-12-26,2.6
1979-12-27,2.7
1979-12-28,2.7
1979-12-29,2.8
1979-12-30,5.0
1979-12-31,10.0
1980-01-01,9.5
1980-01-02,6.1
1980-01-03,4.6
1980-01-04,4.0
1980-01-05,3.7
1980-01-06,3.6
1980-01-07,3.6
1980-01-08,3.4
1980-01-09,3.7
1980-01-10,3.7
1980-01-11,6.8
1980-01-12,69.0
1980-01-13,173.0
1980-01-14,117.0
1980-01-15,50.0
1980-01-16,35.0
1980-01-17,30.0
1980-01-18,24.0
1980-01-19,19.0
1980-01-20,18.0
1980-01-21,15.0
1980-01-22,13.0
1980-01-23,12.0
1980-01-24,11.0
1980-01-25,10.0
1980-01-26,10.0
1980-01-27,9.4
1980-01-28,8.9
1980-01-29,8.2
1980-01-30,7.7
1980-01-31,7.3
1980-02-01,6.9
1980-02-02,6.8
1980-02-03,6.7
1980-02-04,7.0
1980-02-05,7.3
1980-02-06,7.5
1980-02-07,7.1
1980-02-08,6.8
1980-02-09,6.5
1980-02-10,6.3
1980-02-11,6.1
1980-02-12,5.9
1980-02-13,5.9
1980-02-14,6.2
1980-02-15,6.8
1980-02-16,7.5
1980-02-17,23.0
1980-02-18,44.0
1980-02-19,24.0
1980-02-20,19.0
1980-02-21,16.0
1980-02-22,14.0
1980-02-23,13.0
1980-02-24,12.0
1980-02-25,12.0
1980-02-26,12.0
1980-02-27,12.0
1980-02-28,12.0
1980-02-29,11.0
1980-03-01,10.0
1980-03-02,10.0
1980-03-03,9.8
1980-03-04,9.4
1980-03-05,9.3
1980-03-06,8.8
1980-03-07,8.4
1980-03-08,8.1
1980-03-09,8.0
1980-03-10,8.1
1980-03-11,8.1
1980-03-12,7.7
1980-03-13,7.4
1980-03-14,7.4
1980-03-15,7.2
1980-03-16,7.0
1980-03-17,7.0
1980-03-18,6.9
1980-03-19,6.8
1980-03-20,6.8
1980-03-21,6.7
1980-03-22,6.5
1980-03-23,6.4
1980-03-24,6.3
1980-03-25,6.2
1980-03-26,6.1
1980-03-27,6.0
1980-03-28,6.0
1980-03-29,6.5
1980-03-30,7.2
1980-03-31,7.1
1980-04-01,7.0
1980-04-02,6.8
1980-04-03,6.5
1980-04-04,6.5
1980-04-05,6.8
1980-04-06,6.5
1980-04-07,6.3
1980-04-08,6.6
1980-04-09,8.4
1980-04-10,10.0
1980-04-11,11.0
1980-04-12,12.0
1980-04-13,16.0
1980-04-14,22.0
1980-04-15,25.0
1980-04-16,31.0
1980-04-17,41.0
1980-04-18,51.0
1980-04-19,61.0
1980-04-20,67.0
1980-04-21,57.0
1980-04-22,45.0
1980-04-23,53.0
1980-04-24,63.0
1980-04-25,67.0
1980-04-26,71.0
1980-04-27,77.0
1980-04-28,79.0
1980-04-29,90.0
1980-04-30,88.0
1980-05-01,87.0
1980-05-02,94.0
1980-05-03,103.0
1980-05-04,109.0
1980-05-05,102.0
1980-05-06,104.0
1980-05-07,99.0
1980-05-08,95.0
1980-05-09,86.0
1980-05-10,71.0
1980-05-11,61.0
1980-05-12,55.0
1980-05-13,53.0
1980-05-14,55.0
1980-05-15,59.0
1980-05-16,62.0
1980-05-17,65.0
1980-05-18,66.0
1980-05-19,72.0
1980-05-20,78.0
1980-05-21,83.0
1980-05-22,82.0
1980-05-23,72.0
1980-05-24,59.0
1980-05-25,52.0
1980-05-26,49.0
1980-05-27,46.0
1980-05-28,44.0
1980-05-29,44.0
1980-05-30,46.0
1980-05-31,50.0
1980-06-01,46.0
1980-06-02,46.0
1980-06-03,42.0
1980-06-04,44.0
1980-06-05,42.0
1980-06-06,38.0
1980-06-07,38.0
1980-06-08,38.0
1980-06-09,38.0
1980-06-10,38.0
1980-06-11,37.0
1980-06-12,35.0
1980-06-13,34.0
1980-06-14,32.0
1980-06-15,32.0
1980-06-16,32.0
1980-06-17,32.0
1980-06-18,31.0
1980-06-19,31.0
1980-06-20,30.0
1980-06-21,29.0
1980-06-22,28.0
1980-06-23,27.0
1980-06-24,26.0
1980-06-25,26.0
1980-06-26,24.0
1980-06-27,23.0
1980-06-28,22.0
1980-06-29,22.0
1980-06-30,22.0
1980-07-01,23.0
1980-07-02,34.0
1980-07-03,27.0
1980-07-04,22.0
1980-07-05,20.0
1980-07-06,18.0
1980-07-07,17.0
1980-07-08,16.0
1980-07-09,15.0
1980-07-10,14.0
1980-07-11,13.0
1980-07-12,13.0
1980-07-13,12.0
1980-07-14,12.0
1980-07-15,11.0
1980-07-16,10.0
1980-07-17,9.7
1980-07-18,9.2
1980-07-19,8.7
1980-07-20,8.3
1980-07-21,7.9
1980-07-22,7.5
1980-07-23,7.2
1980-07-24,6.8
1980-07-25,6.4
1980-07-26,6.0
1980-07-27,5.8
1980-07-28,6.0
1980-07-29,5.9
1980-07-30,5.4
1980-07-31,5.2
1980-08-01,4.9
1980-08-02,4.6
1980-08-03,4.4
1980-08-04,4.5
1980-08-05,4.2
1980-08-06,4.0
1980-08-07,3.9
1980-08-08,3.8
1980-08-09,3.7
1980-08-10,3.6
1980-08-11,3.5
1980-08-12,3.3
1980-08-13,3.3
1980-08-14,3.3
1980-08-15,3.3
1980-08-16,3.4
1980-08-17,3.4
1980-08-18,3.3
1980-08-19,3.3
1980-08-20,3.1
1980-08-21,3.0
1980-08-22,3.0
1980-08-23,3.2
1980-08-24,3.0
1980-08-25,3.0
1980-08-26,2.9
1980-08-27,2.8
1980-08-28,2.7
1980-08-29,2.7
1980-08-30,2.7
1980-08-31,2.8
1980-09-01,2.7
1980-09-02,2.6
1980-09-03,2.6
1980-09-04,2.6
1980-09-05,2.5
1980-09-06,2.5
1980-09-07,3.0
1980-09-08,3.3
1980-09-09,3.1
1980-09-10,3.3
1980-09-11,3.0
1980-09-12,2.8
1980-09-13,2.6
1980-09-14,2.7
1980-09-15,2.7
1980-09-16,2.6
1980-09-17,2.5
1980-09-18,2.6
1980-09-19,2.6
1980-09-20,2.6
1980-09-21,2.6
1980-09-22,2.6
1980-09-23,2.5
1980-09-24,2.5
1980-09-25,2.4
1980-09-26,2.4
1980-09-27,2.4
1980-09-28,2.4
1980-09-29,2.4
1980-09-30,2.3
1980-10-01,2.3
1980-10-02,2.3
1980-10-03,2.3
1980-10-04,2.3
1980-10-05,2.3
1980-10-06,2.3
1980-10-07,2.2
1980-10-08,2.2
1980-10-09,2.3
1980-10-10,2.3
1980-10-11,2.3
1980-10-12,4.0
1980-10-13,2.9
1980-10-14,3.2
1980-10-15,3.1
1980-10-16,3.2
1980-10-17,3.0
1980-10-18,2.9
1980-10-19,2.8
1980-10-20,2.7
1980-10-21,2.7
1980-10-22,2.7
1980-10-23,2.6
1980-10-24,2.6
1980-10-25,3.3
1980-10-26,3.4
1980-10-27,3.1
1980-10-28,2.8
1980-10-29,2.8
1980-10-30,2.7
1980-10-31,2.7
1980-11-01,2.6
1980-11-02,2.6
1980-11-03,2.6
1980-11-04,2.6
1980-11-05,2.6
1980-11-06,2.6
1980-11-07,3.2
1980-11-08,3.7
1980-11-09,2.9
1980-11-10,2.8
1980-11-11,3.4
1980-11-12,3.3
1980-11-13,3.0
1980-11-14,2.8
1980-11-15,2.9
1980-11-16,2.7
1980-11-17,2.8
1980-11-18,2.7
1980-11-19,2.7
1980-11-20,2.7
1980-11-21,2.7
1980-11-22,2.9
1980-11-23,2.9
1980-11-24,2.8
1980-11-25,2.7
1980-11-26,2.7
1980-11-27,2.7
1980-11-28,2.8
1980-11-29,2.8
1980-11-30,3.1
1980-12-01,3.1
1980-12-02,3.8
1980-12-03,5.6
1980-12-04,7.6
1980-12-05,4.1
1980-12-06,3.6
1980-12-07,3.3
1980-12-08,3.1
1980-12-09,3.0
1980-12-10,2.9
1980-12-11,2.8
1980-12-12,2.8
1980-12-13,2.8
1980-12-14,2.8
1980-12-15,2.9
1980-12-16,2.9
1980-12-17,3.0
1980-12-18,3.2
1980-12-19,3.2
1980-12-20,3.2
1980-12-21,4.0
1980-12-22,4.5
1980-12-23,3.7
1980-12-24,3.4
1980-12-25,4.0
1980-12-26,4.2
1980-12-27,4.3
1980-12-28,3.9
1980-12-29,3.6
1980-12-30,3.5
1980-12-31,3.3
1981-01-01,3.1
1981-01-02,3.1
1981-01-03,3.4
1981-01-04,3.6
1981-01-05,3.5
1981-01-06,3.2
1981-01-07,3.1
1981-01-08,3.0
1981-01-09,3.0
1981-01-10,2.9
1981-01-11,2.8
1981-01-12,2.8
1981-01-13,2.9
1981-01-14,2.9
1981-01-15,2.9
1981-01-16,3.0
1981-01-17,3.0
1981-01-18,3.1
1981-01-19,3.1
1981-01-20,3.2
1981-01-21,3.8
1981-01-22,4.3
1981-01-23,4.4
1981-01-24,3.7
1981-01-25,3.4
1981-01-26,3.4
1981-01-27,4.0
1981-01-28,4.0
1981-01-29,3.9
1981-01-30,3.9
1981-01-31,3.9
1981-02-01,3.7
1981-02-02,3.6
1981-02-03,3.7
1981-02-04,3.6
1981-02-05,3.5
1981-02-06,3.4
1981-02-07,3.4
1981-02-08,3.4
1981-02-09,3.4
1981-02-10,3.4
1981-02-11,3.5
1981-02-12,3.6
1981-02-13,6.3
1981-02-14,22.0
1981-02-15,9.6
1981-02-16,8.3
1981-02-17,9.1
1981-02-18,7.8
1981-02-19,9.9
1981-02-20,8.7
1981-02-21,7.0
1981-02-22,6.4
1981-02-23,6.2
1981-02-24,6.0
1981-02-25,5.7
1981-02-26,5.2
1981-02-27,5.0
1981-02-28,4.9
1981-03-01,4.7
1981-03-02,4.6
1981-03-03,4.6
1981-03-04,4.7
1981-03-05,4.5
1981-03-06,4.6
1981-03-07,4.5
1981-03-08,4.6
1981-03-09,4.8
1981-03-10,5.1
1981-03-11,5.4
1981-03-12,5.4
1981-03-13,5.4
1981-03-14,5.2
1981-03-15,5.2
1981-03-16,5.1
1981-03-17,5.0
1981-03-18,4.9
1981-03-19,5.3
1981-03-20,5.0
1981-03-21,5.2
1981-03-22,5.6
1981-03-23,5.7
1981-03-24,5.9
1981-03-25,14.0
1981-03-26,11.0
1981-03-27,8.0
1981-03-28,8.5
1981-03-29,8.6
1981-03-30,7.9
1981-03-31,7.4
1981-04-01,7.5
1981-04-02,7.1
1981-04-03,7.0
1981-04-04,7.6
1981-04-05,9.8
1981-04-06,12.0
1981-04-07,12.0
1981-04-08,12.0
1981-04-09,14.0
1981-04-10,14.0
1981-04-11,12.0
1981-04-12,12.0
1981-04-13,14.0
1981-04-14,16.0
1981-04-15,17.0
1981-04-16,19.0
1981-04-17,20.0
1981-04-18,19.0
1981-04-19,18.0
1981-04-20,16.0
1981-04-21,17.0
1981-04-22,20.0
1981-04-23,23.0
1981-04-24,26.0
1981-04-25,24.0
1981-04-26,21.0
1981-04-27,17.0
1981-04-28,18.0
1981-04-29,19.0
1981-04-30,20.0
1981-05-01,20.0
1981-05-02,18.0
1981-05-03,15.0
1981-05-04,14.0
1981-05-05,13.0
1981-05-06,11.0
1981-05-07,11.0
1981-05-08,10.0
1981-05-09,10.0
1981-05-10,9.6
1981-05-11,9.0
1981-05-12,8.5
1981-05-13,8.2
1981-05-14,9.0
1981-05-15,8.8
1981-05-16,8.0
1981-05-17,7.3
1981-05-18,19.0
1981-05-19,13.0
1981-05-20,9.7
1981-05-21,8.5
1981-05-22,7.9
1981-05-23,7.5
1981-05-24,7.3
1981-05-25,8.6
1981-05-26,10.0
1981-05-27,8.1
1981-05-28,7.0
1981-05-29,6.6
1981-05-30,6.3
1981-05-31,5.8
1981-06-01,5.5
1981-06-02,5.4
1981-06-03,5.1
1981-06-04,4.7
1981-06-05,4.5
1981-06-06,4.3
1981-06-07,4.0
1981-06-08,4.0
1981-06-09,3.8
1981-06-10,3.5
1981-06-11,3.4
1981-06-12,3.4
1981-06-13,3.3
1981-06-14,3.2
1981-06-15,3.0
1981-06-16,2.9
1981-06-17,2.8
1981-06-18,2.6
1981-06-19,2.6
1981-06-20,2.6
1981-06-21,2.6
1981-06-22,2.4
1981-06-23,2.3
1981-06-24,2.3
1981-06-25,2.2
1981-06-26,2.2
1981-06-27,2.1
1981-06-28,2.1
1981-06-29,2.0
1981-06-30,2.0
1981-07-01,1.9
1981-07-02,1.9
1981-07-03,1.8
1981-07-04,1.8
1981-07-05,1.7
1981-07-06,1.7
1981-07-07,1.7
1981-07-08,1.6
1981-07-09,1.6
1981-07-10,1.6
1981-07-11,1.6
1981-07-12,1.6
1981-07-13,1.6
1981-07-14,1.6
1981-07-15,1.5
1981-07-16,1.5
1981-07-17,1.5
1981-07-18,1.5
1981-07-19,1.5
1981-07-20,1.5
1981-07-21,1.4
1981-07-22,1.4
1981-07-23,1.4
1981-07-24,1.4
1981-07-25,1.4
1981-07-26,1.4
1981-07-27,1.4
1981-07-28,1.4
1981-07-29,1.4
1981-07-30,1.4
1981-07-31,1.4
1981-08-01,1.4
1981-08-02,1.4
1981-08-03,1.4
1981-08-04,1.4
1981-08-05,1.4
1981-08-06,1.4
1981-08-07,1.3
1981-08-08,1.3
1981-08-09,1.3
1981-08-10,1.3
1981-08-11,1.3
1981-08-12,1.3
1981-08-13,1.3
1981-08-14,1.3
1981-08-15,1.3
1981-08-16,1.3
1981-08-17,1.4
1981-08-18,1.4
1981-08-19,1.3
1981-08-20,1.3
1981-08-21,1.3
1981-08-22,1.3
1981-08-23,1.3
1981-08-24,1.3
1981-08-25,1.3
1981-08-26,1.3
1981-08-27,1.3
1981-08-28,1.3
1981-08-29,1.3
1981-08-30,1.3
1981-08-31,1.3
1981-09-01,1.4
1981-09-02,1.4
1981-09-03,1.4
1981-09-04,1.4
1981-09-05,1.4
1981-09-06,1.4
1981-09-07,1.4
1981-09-08,1.5
1981-09-09,1.5
1981-09-10,1.4
1981-09-11,1.5
1981-09-12,1.5
1981-09-13,1.5
1981-09-14,1.5
1981-09-15,1.5
1981-09-16,1.5
1981-09-17,1.5
1981-09-18,1.5
1981-09-19,1.5
1981-09-20,1.5
1981-09-21,1.5
1981-09-22,1.5
1981-09-23,1.5
1981-09-24,1.6
1981-09-25,2.3
1981-09-26,1.7
1981-09-27,1.7
1981-09-28,1.7
1981-09-29,1.7
1981-09-30,1.6
1981-10-01,1.6
1981-10-02,1.7
1981-10-03,1.8
1981-10-04,1.7
1981-10-05,1.7
1981-10-06,1.7
1981-10-07,3.8
1981-10-08,2.2
1981-10-09,2.0
1981-10-10,2.3
1981-10-11,2.5
1981-10-12,2.3
1981-10-13,2.1
1981-10-14,2.0
1981-10-15,2.0
1981-10-16,2.0
1981-10-17,2.0
1981-10-18,1.9
1981-10-19,1.9
1981-10-20,1.9
1981-10-21,1.9
1981-10-22,1.9
1981-10-23,1.9
1981-10-24,1.9
1981-10-25,1.9
1981-10-26,1.9
1981-10-27,2.2
1981-10-28,8.8
1981-10-29,3.6
1981-10-30,2.8
1981-10-31,2.7
1981-11-01,2.7
1981-11-02,2.8
1981-11-03,2.9
1981-11-04,2.8
1981-11-05,2.9
1981-11-06,3.2
1981-11-07,3.0
1981-11-08,2.7
1981-11-09,2.5
1981-11-10,2.5
1981-11-11,2.6
1981-11-12,11.0
1981-11-13,43.0
1981-11-14,28.0
1981-11-15,28.0
1981-11-16,21.0
1981-11-17,24.0
1981-11-18,12.0
1981-11-19,9.4
1981-11-20,8.2
1981-11-21,63.0
1981-11-22,44.0
1981-11-23,156.0
1981-11-24,108.0
1981-11-25,39.0
1981-11-26,27.0
1981-11-27,22.0
1981-11-28,18.0
1981-11-29,16.0
1981-11-30,14.0
1981-12-01,13.0
1981-12-02,12.0
1981-12-03,11.0
1981-12-04,9.9
1981-12-05,9.2
1981-12-06,8.7
1981-12-07,9.0
1981-12-08,8.5
1981-12-09,8.7
1981-12-10,9.1
1981-12-11,8.1
1981-12-12,7.8
1981-12-13,7.8
1981-12-14,8.4
1981-12-15,14.0
1981-12-16,11.0
1981-12-17,8.7
1981-12-18,13.0
1981-12-19,187.0
1981-12-20,253.0
1981-12-21,98.0
1981-12-22,63.0
1981-12-23,49.0
1981-12-24,41.0
1981-12-25,35.0
1981-12-26,32.0
1981-12-27,31.0
1981-12-28,26.0
1981-12-29,23.0
1981-12-30,25.0
1981-12-31,21.0
1982-01-01,18.0
1982-01-02,17.0
1982-01-03,16.0
1982-01-04,15.0
1982-01-05,14.0
1982-01-06,14.0
1982-01-07,13.0
1982-01-08,13.0
1982-01-09,13.0
1982-01-10,12.0
1982-01-11,12.0
1982-01-12,12.0
1982-01-13,11.0
1982-01-14,11.0
1982-01-15,10.0
1982-01-16,10.0
1982-01-17,9.7
1982-01-18,9.5
1982-01-19,9.3
1982-01-20,9.1
1982-01-21,8.8
1982-01-22,8.8
1982-01-23,8.2
1982-01-24,8.0
1982-01-25,8.0
1982-01-26,8.0
1982-01-27,7.9
1982-01-28,7.8
1982-01-29,7.5
1982-01-30,7.3
1982-01-31,7.2
1982-02-01,7.1
1982-02-02,7.0
1982-02-03,6.9
1982-02-04,6.9
1982-02-05,6.8
1982-02-06,6.8
1982-02-07,6.7
1982-02-08,6.6
1982-02-09,6.6
1982-02-10,6.6
1982-02-11,6.6
1982-02-12,6.7
1982-02-13,9.8
1982-02-14,30.0
1982-02-15,101.0
1982-02-16,223.0
1982-02-17,98.0
1982-02-18,67.0
1982-02-19,57.0
1982-02-20,56.0
1982-02-21,58.0
1982-02-22,63.0
1982-02-23,50.0
1982-02-24,43.0
1982-02-25,39.0
1982-02-26,35.0
1982-02-27,32.0
1982-02-28,30.0
1982-03-01,30.0
1982-03-02,27.0
1982-03-03,26.0
1982-03-04,24.0
1982-03-05,22.0
1982-03-06,21.0
1982-03-07,20.0
1982-03-08,19.0
1982-03-09,18.0
1982-03-10,23.0
1982-03-11,28.0
1982-03-12,24.0
1982-03-13,22.0
1982-03-14,23.0
1982-03-15,20.0
1982-03-16,19.0
1982-03-17,18.0
1982-03-18,17.0
1982-03-19,16.0
1982-03-20,16.0
1982-03-21,15.0
1982-03-22,15.0
1982-03-23,14.0
1982-03-24,15.0
1982-03-25,14.0
1982-03-26,15.0
1982-03-27,14.0
1982-03-28,12.0
1982-03-29,11.0
1982-03-30,8.6
1982-03-31,8.9
1982-04-01,7.9
1982-04-02,7.7
1982-04-03,10.0
1982-04-04,12.0
1982-04-05,11.0
1982-04-06,11.0
1982-04-07,11.0
1982-04-08,11.0
1982-04-09,22.0
1982-04-10,105.0
1982-04-11,79.0
1982-04-12,58.0
1982-04-13,49.0
1982-04-14,45.0
1982-04-15,42.0
1982-04-16,45.0
1982-04-17,47.0
1982-04-18,46.0
1982-04-19,45.0
1982-04-20,45.0
1982-04-21,48.0
1982-04-22,51.0
1982-04-23,60.0
1982-04-24,63.0
1982-04-25,62.0
1982-04-26,68.0
1982-04-27,76.0
1982-04-28,79.0
1982-04-29,74.0
1982-04-30,78.0
1982-05-01,92.0
1982-05-02,97.0
1982-05-03,102.0
1982-05-04,103.0
1982-05-05,101.0
1982-05-06,104.0
1982-05-07,115.0
1982-05-08,116.0
1982-05-09,98.0
1982-05-10,81.0
1982-05-11,75.0
1982-05-12,79.0
1982-05-13,86.0
1982-05-14,88.0
1982-05-15,90.0
1982-05-16,96.0
1982-05-17,103.0
1982-05-18,100.0
1982-05-19,95.0
1982-05-20,96.0
1982-05-21,100.0
1982-05-22,102.0
1982-05-23,105.0
1982-05-24,107.0
1982-05-25,109.0
1982-05-26,100.0
1982-05-27,113.0
1982-05-28,100.0
1982-05-29,90.0
1982-05-30,84.0
1982-05-31,80.0
1982-06-01,75.0
1982-06-02,70.0
1982-06-03,66.0
1982-06-04,62.0
1982-06-05,58.0
1982-06-06,54.0
1982-06-07,52.0
1982-06-08,50.0
1982-06-09,49.0
1982-06-10,49.0
1982-06-11,49.0
1982-06-12,47.0
1982-06-13,46.0
1982-06-14,45.0
1982-06-15,45.0
1982-06-16,45.0
1982-06-17,48.0
1982-06-18,52.0
1982-06-19,54.0
1982-06-20,49.0
1982-06-21,47.0
1982-06-22,45.0
1982-06-23,43.0
1982-06-24,41.0
1982-06-25,39.0
1982-06-26,37.0
1982-06-27,36.0
1982-06-28,35.0
1982-06-29,35.0
1982-06-30,34.0
1982-07-01,31.0
1982-07-02,28.0
1982-07-03,25.0
1982-07-04,24.0
1982-07-05,23.0
1982-07-06,21.0
1982-07-07,20.0
1982-07-08,19.0
1982-07-09,18.0
1982-07-10,18.0
1982-07-11,17.0
1982-07-12,17.0
1982-07-13,16.0
1982-07-14,15.0
1982-07-15,15.0
1982-07-16,14.0
1982-07-17,14.0
1982-07-18,13.0
1982-07-19,12.0
1982-07-20,12.0
1982-07-21,11.0
1982-07-22,11.0
1982-07-23,10.0
1982-07-24,10.0
1982-07-25,9.8
1982-07-26,9.3
1982-07-27,9.2
1982-07-28,9.0
1982-07-29,8.6
1982-07-30,8.1
1982-07-31,7.6
1982-08-01,7.2
1982-08-02,7.2
1982-08-03,7.0
1982-08-04,6.9
1982-08-05,6.7
1982-08-06,6.5
1982-08-07,6.8
1982-08-08,6.8
1982-08-09,6.3
1982-08-10,5.9
1982-08-11,5.7
1982-08-12,5.7
1982-08-13,5.5
1982-08-14,5.5
1982-08-15,5.3
1982-08-16,5.2
1982-08-17,5.0
1982-08-18,5.0
1982-08-19,5.0
1982-08-20,5.2
1982-08-21,4.8
1982-08-22,4.6
1982-08-23,4.6
1982-08-24,4.5
1982-08-25,4.5
1982-08-26,4.3
1982-08-27,4.2
1982-08-28,4.4
1982-08-29,4.6
1982-08-30,4.4
1982-08-31,4.2
1982-09-01,4.1
1982-09-02,4.0
1982-09-03,4.0
1982-09-04,4.0
1982-09-05,3.9
1982-09-06,3.8
1982-09-07,3.9
1982-09-08,3.7
1982-09-09,3.7
1982-09-10,3.7
1982-09-11,3.8
1982-09-12,3.8
1982-09-13,3.8
1982-09-14,3.9
1982-09-15,5.9
1982-09-16,7.3
1982-09-17,6.5
1982-09-18,7.2
1982-09-19,7.4
1982-09-20,5.5
1982-09-21,4.8
1982-09-22,4.4
1982-09-23,4.6
1982-09-24,11.0
1982-09-25,16.0
1982-09-26,8.9
1982-09-27,7.0
1982-09-28,6.2
1982-09-29,8.6
1982-09-30,7.3
1982-10-01,6.4
1982-10-02,5.8
1982-10-03,5.3
1982-10-04,5.0
1982-10-05,4.9
1982-10-06,4.9
1982-10-07,5.9
1982-10-08,5.3
1982-10-09,5.0
1982-10-10,4.8
1982-10-11,4.7
1982-10-12,4.7
1982-10-13,4.7
1982-10-14,4.8
1982-10-15,4.9
1982-10-16,4.6
1982-10-17,4.5
1982-10-18,4.4
1982-10-19,4.4
1982-10-20,4.5
1982-10-21,4.9
1982-10-22,6.4
1982-10-23,16.0
1982-10-24,19.0
1982-10-25,46.0
1982-10-26,56.0
1982-10-27,18.0
1982-10-28,13.0
1982-10-29,12.0
1982-10-30,21.0
1982-10-31,13.0
1982-11-01,11.0
1982-11-02,9.6
1982-11-03,8.8
1982-11-04,8.2
1982-11-05,7.9
1982-11-06,7.6
1982-11-07,7.3
1982-11-08,7.2
1982-11-09,7.2
1982-11-10,7.1
1982-11-11,6.9
1982-11-12,6.7
1982-11-13,6.5
1982-11-14,6.2
1982-11-15,6.2
1982-11-16,6.1
1982-11-17,7.0
1982-11-18,18.0
1982-11-19,14.0
1982-11-20,10.0
1982-11-21,9.3
1982-11-22,8.8
1982-11-23,8.3
1982-11-24,8.0
1982-11-25,7.6
1982-11-26,7.4
1982-11-27,7.4
1982-11-28,8.2
1982-11-29,8.2
1982-11-30,8.0
1982-12-01,7.7
1982-12-02,7.3
1982-12-03,7.2
1982-12-04,7.2
1982-12-05,7.2
1982-12-06,7.1
1982-12-07,6.9
1982-12-08,6.7
1982-12-09,6.8
1982-12-10,6.7
1982-12-11,6.4
1982-12-12,6.4
1982-12-13,6.4
1982-12-14,6.2
1982-12-15,6.2
1982-12-16,6.2
1982-12-17,6.4
1982-12-18,6.2
1982-12-19,6.2
1982-12-20,8.2
1982-12-21,12.0
1982-12-22,8.9
1982-12-23,8.3
1982-12-24,8.1
1982-12-25,8.1
1982-12-26,7.6
1982-12-27,7.4
1982-12-28,7.1
1982-12-29,7.0
1982-12-30,7.0
1982-12-31,6.9
1983-01-01,6.9
1983-01-02,6.8
1983-01-03,6.8
1983-01-04,6.5
1983-01-05,6.5
1983-01-06,6.5
1983-01-07,6.4
1983-01-08,6.4
1983-01-09,6.3
1983-01-10,6.2
1983-01-11,6.1
1983-01-12,6.1
1983-01-13,6.0
1983-01-14,5.9
1983-01-15,6.0
1983-01-16,6.1
1983-01-17,5.9
1983-01-18,6.1
1983-01-19,6.0
1983-01-20,5.9
1983-01-21,5.9
1983-01-22,6.2
1983-01-23,6.1
1983-01-24,6.3
1983-01-25,6.6
1983-01-26,6.6
1983-01-27,6.6
1983-01-28,6.2
1983-01-29,6.3
1983-01-30,6.1
1983-01-31,6.0
1983-02-01,5.9
1983-02-02,5.9
1983-02-03,5.9
1983-02-04,5.8
1983-02-05,5.9
1983-02-06,5.8
1983-02-07,5.8
1983-02-08,5.9
1983-02-09,5.9
1983-02-10,5.9
1983-02-11,5.9
1983-02-12,8.1
1983-02-13,9.6
1983-02-14,7.9
1983-02-15,7.4
1983-02-16,7.1
1983-02-17,7.2
1983-02-18,7.6
1983-02-19,7.1
1983-02-20,6.9
1983-02-21,6.8
1983-02-22,7.0
1983-02-23,7.4
1983-02-24,7.7
1983-02-25,7.8
1983-02-26,7.5
1983-02-27,7.4
1983-02-28,7.8
1983-03-01,10.0
1983-03-02,9.2
1983-03-03,8.8
1983-03-04,8.3
1983-03-05,8.1
1983-03-06,8.0
1983-03-07,8.4
1983-03-08,9.4
1983-03-09,11.0
1983-03-10,13.0
1983-03-11,14.0
1983-03-12,14.0
1983-03-13,72.0
1983-03-14,52.0
1983-03-15,36.0
1983-03-16,30.0
1983-03-17,26.0
1983-03-18,22.0
1983-03-19,20.0
1983-03-20,19.0
1983-03-21,17.0
1983-03-22,16.0
1983-03-23,15.0
1983-03-24,14.0
1983-03-25,13.0
1983-03-26,13.0
1983-03-27,12.0
1983-03-28,12.0
1983-03-29,12.0
1983-03-30,15.0
1983-03-31,29.0
1983-04-01,22.0
1983-04-02,20.0
1983-04-03,18.0
1983-04-04,17.0
1983-04-05,15.0
1983-04-06,15.0
1983-04-07,15.0
1983-04-08,16.0
1983-04-09,17.0
1983-04-10,17.0
1983-04-11,15.0
1983-04-12,14.0
1983-04-13,14.0
1983-04-14,13.0
1983-04-15,14.0
1983-04-16,15.0
1983-04-17,17.0
1983-04-18,18.0
1983-04-19,21.0
1983-04-20,22.0
1983-04-21,24.0
1983-04-22,28.0
1983-04-23,27.0
1983-04-24,23.0
1983-04-25,20.0
1983-04-26,19.0
1983-04-27,19.0
1983-04-28,19.0
1983-04-29,19.0
1983-04-30,20.0
1983-05-01,19.0
1983-05-02,19.0
1983-05-03,23.0
1983-05-04,27.0
1983-05-05,26.0
1983-05-06,24.0
1983-05-07,28.0
1983-05-08,31.0
1983-05-09,32.0
1983-05-10,31.0
1983-05-11,31.0
1983-05-12,35.0
1983-05-13,40.0
1983-05-14,47.0
1983-05-15,62.0
1983-05-16,67.0
1983-05-17,70.0
1983-05-18,79.0
1983-05-19,94.0
1983-05-20,105.0
1983-05-21,120.0
1983-05-22,128.0
1983-05-23,136.0
1983-05-24,142.0
1983-05-25,146.0
1983-05-26,152.0
1983-05-27,160.0
1983-05-28,166.0
1983-05-29,189.0
1983-05-30,197.0
1983-05-31,192.0
1983-06-01,183.0
1983-06-02,163.0
1983-06-03,167.0
1983-06-04,177.0
1983-06-05,171.0
1983-06-06,178.0
1983-06-07,180.0
1983-06-08,173.0
1983-06-09,174.0
1983-06-10,188.0
1983-06-11,206.0
1983-06-12,184.0
1983-06-13,170.0
1983-06-14,157.0
1983-06-15,151.0
1983-06-16,144.0
1983-06-17,147.0
1983-06-18,137.0
1983-06-19,123.0
1983-06-20,116.0
1983-06-21,111.0
1983-06-22,112.0
1983-06-23,112.0
1983-06-24,106.0
1983-06-25,101.0
1983-06-26,96.0
1983-06-27,91.0
1983-06-28,85.0
1983-06-29,81.0
1983-06-30,76.0
1983-07-01,75.0
1983-07-02,72.0
1983-07-03,66.0
1983-07-04,64.0
1983-07-05,64.0
1983-07-06,64.0
1983-07-07,60.0
1983-07-08,54.0
1983-07-09,49.0
1983-07-10,44.0
1983-07-11,41.0
1983-07-12,39.0
1983-07-13,37.0
1983-07-14,36.0
1983-07-15,35.0
1983-07-16,32.0
1983-07-17,30.0
1983-07-18,28.0
1983-07-19,27.0
1983-07-20,26.0
1983-07-21,24.0
1983-07-22,23.0
1983-07-23,22.0
1983-07-24,21.0
1983-07-25,20.0
1983-07-26,19.0
1983-07-27,19.0
1983-07-28,18.0
1983-07-29,17.0
1983-07-30,17.0
1983-07-31,16.0
1983-08-01,15.0
1983-08-02,15.0
1983-08-03,15.0
1983-08-04,14.0
1983-08-05,13.0
1983-08-06,13.0
1983-08-07,13.0
1983-08-08,13.0
1983-08-09,12.0
1983-08-10,12.0
1983-08-11,12.0
1983-08-12,11.0
1983-08-13,11.0
1983-08-14,11.0
1983-08-15,15.0
1983-08-16,13.0
1983-08-17,12.0
1983-08-18,11.0
1983-08-19,14.0
1983-08-20,12.0
1983-08-21,12.0
1983-08-22,13.0
1983-08-23,11.0
1983-08-24,10.0
1983-08-25,9.5
1983-08-26,9.0
1983-08-27,8.6
1983-08-28,8.4
1983-08-29,8.1
1983-08-30,7.9
1983-08-31,9.8
1983-09-01,10.0
1983-09-02,8.7
1983-09-03,8.2
1983-09-04,7.9
1983-09-05,7.7
1983-09-06,7.5
1983-09-07,7.2
1983-09-08,7.0
1983-09-09,7.0
1983-09-10,7.0
1983-09-11,6.9
1983-09-12,6.7
1983-09-13,6.6
1983-09-14,6.5
1983-09-15,6.4
1983-09-16,6.3
1983-09-17,6.2
1983-09-18,6.2
1983-09-19,6.1
1983-09-20,6.2
1983-09-21,6.2
1983-09-22,9.9
1983-09-23,9.6
1983-09-24,7.8
1983-09-25,7.2
1983-09-26,7.0
1983-09-27,7.0
1983-09-28,7.7
1983-09-29,10.0
1983-09-30,12.0
1983-10-01,9.4
1983-10-02,8.7
1983-10-03,7.8
1983-10-04,7.3
1983-10-05,7.1
1983-10-06,6.9
1983-10-07,6.9
1983-10-08,6.8
1983-10-09,6.8
1983-10-10,6.8
1983-10-11,6.5
1983-10-12,6.3
1983-10-13,6.9
1983-10-14,7.4
1983-10-15,6.7
1983-10-16,6.5
1983-10-17,6.4
1983-10-18,6.3
1983-10-19,6.2
1983-10-20,6.2
1983-10-21,6.1
1983-10-22,6.1
1983-10-23,7.6
1983-10-24,6.7
1983-10-25,6.3
1983-10-26,6.2
1983-10-27,6.1
1983-10-28,6.1
1983-10-29,6.6
1983-10-30,25.0
1983-10-31,27.0
1983-11-01,26.0
1983-11-02,14.0
1983-11-03,11.0
1983-11-04,9.7
1983-11-05,8.8
1983-11-06,9.6
1983-11-07,9.9
1983-11-08,8.3
1983-11-09,11.0
1983-11-10,35.0
1983-11-11,67.0
1983-11-12,37.0
1983-11-13,22.0
1983-11-14,18.0
1983-11-15,16.0
1983-11-16,29.0
1983-11-17,89.0
1983-11-18,36.0
1983-11-19,49.0
1983-11-20,40.0
1983-11-21,27.0
1983-11-22,23.0
1983-11-23,21.0
1983-11-24,66.0
1983-11-25,37.0
1983-11-26,28.0
1983-11-27,24.0
1983-11-28,21.0
1983-11-29,20.0
1983-11-30,18.0
1983-12-01,18.0
1983-12-02,17.0
1983-12-03,15.0
1983-12-04,14.0
1983-12-05,14.0
1983-12-06,14.0
1983-12-07,14.0
1983-12-08,14.0
1983-12-09,17.0
1983-12-10,15.0
1983-12-11,19.0
1983-12-12,16.0
1983-12-13,16.0
1983-12-14,19.0
1983-12-15,18.0
1983-12-16,18.0
1983-12-17,18.0
1983-12-18,16.0
1983-12-19,15.0
1983-12-20,15.0
1983-12-21,14.0
1983-12-22,13.0
1983-12-23,14.0
1983-12-24,27.0
1983-12-25,64.0
1983-12-26,55.0
1983-12-27,43.0
1983-12-28,33.0
1983-12-29,30.0
1983-12-30,60.0
1983-12-31,44.0
1984-01-01,35.0
1984-01-02,31.0
1984-01-03,28.0
1984-01-04,26.0
1984-01-05,25.0
1984-01-06,23.0
1984-01-07,22.0
1984-01-08,21.0
1984-01-09,20.0
1984-01-10,19.0
1984-01-11,18.0
1984-01-12,17.0
1984-01-13,17.0
1984-01-14,15.0
1984-01-15,15.0
1984-01-16,14.0
1984-01-17,14.0
1984-01-18,13.0
1984-01-19,13.0
1984-01-20,12.0
1984-01-21,12.0
1984-01-22,12.0
1984-01-23,11.0
1984-01-24,12.0
1984-01-25,11.0
1984-01-26,11.0
1984-01-27,11.0
1984-01-28,10.0
1984-01-29,10.0
1984-01-30,10.0
1984-01-31,10.0
1984-02-01,10.0
1984-02-02,9.9
1984-02-03,9.6
1984-02-04,9.4
1984-02-05,9.4
1984-02-06,9.4
1984-02-07,9.3
1984-02-08,9.3
1984-02-09,9.8
1984-02-10,9.4
1984-02-11,9.2
1984-02-12,9.6
1984-02-13,11.0
1984-02-14,11.0
1984-02-15,11.0
1984-02-16,11.0
1984-02-17,10.0
1984-02-18,11.0
1984-02-19,9.8
1984-02-20,9.9
1984-02-21,10.0
1984-02-22,11.0
1984-02-23,10.0
1984-02-24,9.4
1984-02-25,9.2
1984-02-26,9.5
1984-02-27,9.2
1984-02-28,9.2
1984-02-29,9.0
1984-03-01,9.5
1984-03-02,9.9
1984-03-03,9.9
1984-03-04,9.7
1984-03-05,9.6
1984-03-06,9.9
1984-03-07,11.0
1984-03-08,12.0
1984-03-09,13.0
1984-03-10,13.0
1984-03-11,13.0
1984-03-12,13.0
1984-03-13,22.0
1984-03-14,22.0
1984-03-15,18.0
1984-03-16,16.0
1984-03-17,16.0
1984-03-18,15.0
1984-03-19,16.0
1984-03-20,19.0
1984-03-21,21.0
1984-03-22,20.0
1984-03-23,21.0
1984-03-24,24.0
1984-03-25,25.0
1984-03-26,33.0
1984-03-27,30.0
1984-03-28,30.0
1984-03-29,28.0
1984-03-30,26.0
1984-03-31,25.0
1984-04-01,23.0
1984-04-02,22.0
1984-04-03,25.0
1984-04-04,26.0
1984-04-05,26.0
1984-04-06,25.0
1984-04-07,29.0
1984-04-08,29.0
1984-04-09,25.0
1984-04-10,24.0
1984-04-11,25.0
1984-04-12,26.0
1984-04-13,29.0
1984-04-14,35.0
1984-04-15,44.0
1984-04-16,52.0
1984-04-17,52.0
1984-04-18,46.0
1984-04-19,41.0
1984-04-20,38.0
1984-04-21,38.0
1984-04-22,44.0
1984-04-23,51.0
1984-04-24,51.0
1984-04-25,45.0
1984-04-26,40.0
1984-04-27,36.0
1984-04-28,35.0
1984-04-29,35.0
1984-04-30,37.0
1984-05-01,41.0
1984-05-02,43.0
1984-05-03,53.0
1984-05-04,53.0
1984-05-05,51.0
1984-05-06,48.0
1984-05-07,49.0
1984-05-08,54.0
1984-05-09,59.0
1984-05-10,59.0
1984-05-11,68.0
1984-05-12,72.0
1984-05-13,76.0
1984-05-14,78.0
1984-05-15,70.0
1984-05-16,59.0
1984-05-17,56.0
1984-05-18,55.0
1984-05-19,56.0
1984-05-20,60.0
1984-05-21,61.0
1984-05-22,62.0
1984-05-23,64.0
1984-05-24,63.0
1984-05-25,60.0
1984-05-26,58.0
1984-05-27,55.0
1984-05-28,55.0
1984-05-29,55.0
1984-05-30,55.0
1984-05-31,52.0
1984-06-01,48.0
1984-06-02,45.0
1984-06-03,42.0
1984-06-04,48.0
1984-06-05,42.0
1984-06-06,46.0
1984-06-07,40.0
1984-06-08,35.0
1984-06-09,32.0
1984-06-10,32.0
1984-06-11,29.0
1984-06-12,27.0
1984-06-13,27.0
1984-06-14,26.0
1984-06-15,26.0
1984-06-16,25.0
1984-06-17,24.0
1984-06-18,24.0
1984-06-19,23.0
1984-06-20,22.0
1984-06-21,21.0
1984-06-22,20.0
1984-06-23,19.0
1984-06-24,19.0
1984-06-25,18.0
1984-06-26,17.0
1984-06-27,17.0
1984-06-28,16.0
1984-06-29,15.0
1984-06-30,15.0
1984-07-01,14.0
1984-07-02,14.0
1984-07-03,13.0
1984-07-04,13.0
1984-07-05,13.0
1984-07-06,12.0
1984-07-07,12.0
1984-07-08,11.0
1984-07-09,10.0
1984-07-10,10.0
1984-07-11,9.7
1984-07-12,9.3
1984-07-13,9.0
1984-07-14,8.8
1984-07-15,8.8
1984-07-16,8.5
1984-07-17,11.0
1984-07-18,11.0
1984-07-19,8.9
1984-07-20,8.4
1984-07-21,8.0
1984-07-22,7.7
1984-07-23,12.0
1984-07-24,10.0
1984-07-25,8.2
1984-07-26,7.6
1984-07-27,7.2
1984-07-28,6.9
1984-07-29,6.8
1984-07-30,7.2
1984-07-31,7.0
1984-08-01,6.6
1984-08-02,6.3
1984-08-03,6.1
1984-08-04,6.0
1984-08-05,5.9
1984-08-06,5.7
1984-08-07,5.7
1984-08-08,5.4
1984-08-09,5.4
1984-08-10,5.3
1984-08-11,5.3
1984-08-12,5.2
1984-08-13,5.1
1984-08-14,5.1
1984-08-15,5.2
1984-08-16,5.2
1984-08-17,5.1
1984-08-18,4.9
1984-08-19,4.8
1984-08-20,4.8
1984-08-21,4.9
1984-08-22,4.8
1984-08-23,4.7
1984-08-24,4.6
1984-08-25,4.6
1984-08-26,4.7
1984-08-27,4.6
1984-08-28,4.6
1984-08-29,4.6
1984-08-30,4.8
1984-08-31,5.1
1984-09-01,4.8
1984-09-02,4.6
1984-09-03,4.4
1984-09-04,4.4
1984-09-05,4.9
1984-09-06,4.6
1984-09-07,4.5
1984-09-08,4.4
1984-09-09,4.3
1984-09-10,4.3
1984-09-11,4.2
1984-09-12,4.2
1984-09-13,4.3
1984-09-14,4.2
1984-09-15,4.2
1984-09-16,4.2
1984-09-17,4.2
1984-09-18,4.3
1984-09-19,4.9
1984-09-20,4.7
1984-09-21,4.6
1984-09-22,4.5
1984-09-23,4.4
1984-09-24,4.4
1984-09-25,4.5
1984-09-26,4.5
1984-09-27,4.5
1984-09-28,4.4
1984-09-29,4.3
1984-09-30,4.9
1984-10-01,5.5
1984-10-02,5.0
1984-10-03,4.7
1984-10-04,4.6
1984-10-05,4.6
1984-10-06,4.6
1984-10-07,4.4
1984-10-08,4.4
1984-10-09,4.4
1984-10-10,4.4
1984-10-11,11.0
1984-10-12,6.0
1984-10-13,5.8
1984-10-14,5.2
1984-10-15,5.1
1984-10-16,5.6
1984-10-17,6.0
1984-10-18,5.7
1984-10-19,6.6
1984-10-20,6.5
1984-10-21,5.9
1984-10-22,5.7
1984-10-23,5.5
1984-10-24,5.5
1984-10-25,5.5
1984-10-26,5.9
1984-10-27,6.1
1984-10-28,5.6
1984-10-29,5.8
1984-10-30,5.5
1984-10-31,5.3
1984-11-01,5.2
1984-11-02,11.0
1984-11-03,10.0
1984-11-04,7.1
1984-11-05,6.4
1984-11-06,8.4
1984-11-07,7.6
1984-11-08,7.2
1984-11-09,6.8
1984-11-10,6.6
1984-11-11,15.0
1984-11-12,10.0
1984-11-13,9.2
1984-11-14,8.0
1984-11-15,7.6
1984-11-16,7.3
1984-11-17,7.1
1984-11-18,6.9
1984-11-19,6.6
1984-11-20,6.6
1984-11-21,6.6
1984-11-22,6.4
1984-11-23,6.3
1984-11-24,6.6
1984-11-25,6.6
1984-11-26,6.3
1984-11-27,8.1
1984-11-28,8.8
1984-11-29,7.4
1984-11-30,7.1
1984-12-01,6.8
1984-12-02,6.6
1984-12-03,6.5
1984-12-04,6.3
1984-12-05,6.3
1984-12-06,6.1
1984-12-07,6.1
1984-12-08,6.1
1984-12-09,6.1
1984-12-10,6.1
1984-12-11,6.1
1984-12-12,6.1
1984-12-13,6.1
1984-12-14,5.9
1984-12-15,6.1
1984-12-16,6.1
1984-12-17,6.1
1984-12-18,5.9
1984-12-19,5.7
1984-12-20,5.7
1984-12-21,5.5
1984-12-22,5.5
1984-12-23,5.5
1984-12-24,5.5
1984-12-25,5.5
1984-12-26,5.5
1984-12-27,5.5
1984-12-28,5.3
1984-12-29,5.4
1984-12-30,5.3
1984-12-31,5.3
1985-01-01,5.3
1985-01-02,5.3
1985-01-03,5.1
1985-01-04,5.1
1985-01-05,5.1
1985-01-06,5.1
1985-01-07,5.1
1985-01-08,5.1
1985-01-09,5.1
1985-01-10,5.1
1985-01-11,5.1
1985-01-12,5.0
1985-01-13,4.8
1985-01-14,4.8
1985-01-15,4.9
1985-01-16,4.9
1985-01-17,4.8
1985-01-18,4.9
1985-01-19,4.9
1985-01-20,5.0
1985-01-21,4.9
1985-01-22,4.8
1985-01-23,4.7
1985-01-24,4.7
1985-01-25,4.7
1985-01-26,4.7
1985-01-27,4.9
1985-01-28,4.9
1985-01-29,4.9
1985-01-30,4.9
1985-01-31,4.7
1985-02-01,4.7
1985-02-02,4.9
1985-02-03,4.7
1985-02-04,4.7
1985-02-05,4.7
1985-02-06,4.6
1985-02-07,4.7
1985-02-08,5.0
1985-02-09,5.1
1985-02-10,5.1
1985-02-11,5.0
1985-02-12,5.0
1985-02-13,5.0
1985-02-14,5.1
1985-02-15,5.4
1985-02-16,5.6
1985-02-17,5.6
1985-02-18,5.6
1985-02-19,5.7
1985-02-20,5.7
1985-02-21,5.5
1985-02-22,5.5
1985-02-23,5.6
1985-02-24,5.7
1985-02-25,5.8
1985-02-26,5.9
1985-02-27,6.0
1985-02-28,6.0
1985-03-01,6.1
1985-03-02,6.0
1985-03-03,5.8
1985-03-04,5.7
1985-03-05,5.7
1985-03-06,5.7
1985-03-07,5.6
1985-03-08,5.5
1985-03-09,5.5
1985-03-10,5.5
1985-03-11,5.4
1985-03-12,5.4
1985-03-13,5.6
1985-03-14,5.7
1985-03-15,5.9
1985-03-16,6.2
1985-03-17,6.5
1985-03-18,6.6
1985-03-19,6.6
1985-03-20,7.5
1985-03-21,7.6
1985-03-22,7.3
1985-03-23,7.9
1985-03-24,7.9
1985-03-25,7.2
1985-03-26,5.9
1985-03-27,5.7
1985-03-28,5.5
1985-03-29,5.9
1985-03-30,6.7
1985-03-31,7.6
1985-04-01,9.2
1985-04-02,12.0
1985-04-03,14.0
1985-04-04,16.0
1985-04-05,18.0
1985-04-06,21.0
1985-04-07,24.0
1985-04-08,26.0
1985-04-09,29.0
1985-04-10,32.0
1985-04-11,32.0
1985-04-12,33.0
1985-04-13,40.0
1985-04-14,45.0
1985-04-15,51.0
1985-04-16,47.0
1985-04-17,39.0
1985-04-18,38.0
1985-04-19,33.0
1985-04-20,28.0
1985-04-21,26.0
1985-04-22,27.0
1985-04-23,31.0
1985-04-24,30.0
1985-04-25,27.0
1985-04-26,25.0
1985-04-27,27.0
1985-04-28,32.0
1985-04-29,32.0
1985-04-30,34.0
1985-05-01,38.0
1985-05-02,44.0
1985-05-03,39.0
1985-05-04,35.0
1985-05-05,34.0
1985-05-06,35.0
1985-05-07,34.0
1985-05-08,31.0
1985-05-09,29.0
1985-05-10,27.0
1985-05-11,25.0
1985-05-12,24.0
1985-05-13,24.0
1985-05-14,24.0
1985-05-15,22.0
1985-05-16,21.0
1985-05-17,20.0
1985-05-18,20.0
1985-05-19,20.0
1985-05-20,19.0
1985-05-21,18.0
1985-05-22,18.0
1985-05-23,18.0
1985-05-24,18.0
1985-05-25,17.0
1985-05-26,16.0
1985-05-27,16.0
1985-05-28,15.0
1985-05-29,15.0
1985-05-30,14.0
1985-05-31,13.0
1985-06-01,12.0
1985-06-02,14.0
1985-06-03,12.0
1985-06-04,11.0
1985-06-05,11.0
1985-06-06,10.0
1985-06-07,9.6
1985-06-08,9.3
1985-06-09,9.0
1985-06-10,8.6
1985-06-11,8.2
1985-06-12,8.0
1985-06-13,7.7
1985-06-14,7.3
1985-06-15,7.0
1985-06-16,6.8
1985-06-17,6.6
1985-06-18,6.1
1985-06-19,5.9
1985-06-20,5.7
1985-06-21,5.3
1985-06-22,5.1
1985-06-23,4.9
1985-06-24,4.8
1985-06-25,4.7
1985-06-26,4.5
1985-06-27,4.3
1985-06-28,4.2
1985-06-29,4.1
1985-06-30,3.8
1985-07-01,3.8
1985-07-02,3.7
1985-07-03,3.7
1985-07-04,3.6
1985-07-05,3.5
1985-07-06,3.5
1985-07-07,3.5
1985-07-08,3.4
1985-07-09,3.3
1985-07-10,3.3
1985-07-11,3.5
1985-07-12,3.4
1985-07-13,3.2
1985-07-14,3.1
1985-07-15,3.0
1985-07-16,3.0
1985-07-17,2.9
1985-07-18,2.8
1985-07-19,2.8
1985-07-20,3.0
1985-07-21,3.5
1985-07-22,3.3
1985-07-23,3.0
1985-07-24,2.8
1985-07-25,3.1
1985-07-26,3.5
1985-07-27,3.1
1985-07-28,2.8
1985-07-29,2.7
1985-07-30,2.7
1985-07-31,2.8
1985-08-01,2.8
1985-08-02,2.8
1985-08-03,2.9
1985-08-04,2.7
1985-08-05,2.7
1985-08-06,2.8
1985-08-07,2.8
1985-08-08,2.7
1985-08-09,2.8
1985-08-10,2.8
1985-08-11,2.7
1985-08-12,2.7
1985-08-13,2.7
1985-08-14,2.7
1985-08-15,2.7
1985-08-16,2.7
1985-08-17,2.8
1985-08-18,2.9
1985-08-19,2.8
1985-08-20,2.7
1985-08-21,2.7
1985-08-22,2.7
1985-08-23,2.7
1985-08-24,2.7
1985-08-25,2.6
1985-08-26,2.5
1985-08-27,2.5
1985-08-28,2.5
1985-08-29,2.6
1985-08-30,2.9
1985-08-31,2.8
1985-09-01,2.7
1985-09-02,2.8
1985-09-03,2.8
1985-09-04,2.9
1985-09-05,2.9
1985-09-06,2.9
1985-09-07,3.2
1985-09-08,6.2
1985-09-09,5.4
1985-09-10,4.0
1985-09-11,3.7
1985-09-12,3.4
1985-09-13,3.2
1985-09-14,3.1
1985-09-15,3.1
1985-09-16,3.1
1985-09-17,3.6
1985-09-18,4.6
1985-09-19,3.7
1985-09-20,3.3
1985-09-21,3.2
1985-09-22,3.1
1985-09-23,3.1
1985-09-24,3.1
1985-09-25,3.0
1985-09-26,3.0
1985-09-27,3.0
1985-09-28,3.0
1985-09-29,3.2
1985-09-30,3.3
1985-10-01,3.2
1985-10-02,3.2
1985-10-03,3.2
1985-10-04,3.2
1985-10-05,3.2
1985-10-06,3.9
1985-10-07,4.1
1985-10-08,4.0
1985-10-09,4.1
1985-10-10,3.8
1985-10-11,3.8
1985-10-12,3.6
1985-10-13,3.5
1985-10-14,3.4
1985-10-15,3.4
1985-10-16,3.4
1985-10-17,3.3
1985-10-18,3.5
1985-10-19,3.6
1985-10-20,3.4
1985-10-21,3.7
1985-10-22,3.8
1985-10-23,4.6
1985-10-24,4.2
1985-10-25,3.8
1985-10-26,3.6
1985-10-27,3.5
1985-10-28,3.5
1985-10-29,3.4
1985-10-30,3.3
1985-10-31,3.4
1985-11-01,3.4
1985-11-02,3.5
1985-11-03,3.5
1985-11-04,3.4
1985-11-05,3.4
1985-11-06,3.4
1985-11-07,3.5
1985-11-08,3.5
1985-11-09,3.5
1985-11-10,3.4
1985-11-11,3.7
1985-11-12,3.8
1985-11-13,3.8
1985-11-14,3.9
1985-11-15,4.0
1985-11-16,3.8
1985-11-17,3.8
1985-11-18,3.8
1985-11-19,3.8
1985-11-20,3.8
1985-11-21,3.8
1985-11-22,3.8
1985-11-23,4.4
1985-11-24,5.6
1985-11-25,6.0
1985-11-26,5.0
1985-11-27,4.5
1985-11-28,4.5
1985-11-29,4.4
1985-11-30,4.4
1985-12-01,4.3
1985-12-02,14.0
1985-12-03,8.5
1985-12-04,6.5
1985-12-05,5.7
1985-12-06,5.3
1985-12-07,5.1
1985-12-08,4.9
1985-12-09,4.7
1985-12-10,4.6
1985-12-11,4.3
1985-12-12,4.2
1985-12-13,4.1
1985-12-14,4.0
1985-12-15,4.1
1985-12-16,4.0
1985-12-17,3.9
1985-12-18,3.9
1985-12-19,3.9
1985-12-20,4.1
1985-12-21,4.1
1985-12-22,3.8
1985-12-23,4.0
1985-12-24,3.8
1985-12-25,3.8
1985-12-26,3.7
1985-12-27,3.7
1985-12-28,3.8
1985-12-29,4.5
1985-12-30,8.0
1985-12-31,6.4
1986-01-01,5.5
1986-01-02,5.1
1986-01-03,4.9
1986-01-04,8.6
1986-01-05,14.0
1986-01-06,8.8
1986-01-07,6.9
1986-01-08,6.2
1986-01-09,5.7
1986-01-10,5.3
1986-01-11,5.1
1986-01-12,5.1
1986-01-13,5.0
1986-01-14,4.9
1986-01-15,4.9
1986-01-16,13.0
1986-01-17,24.0
1986-01-18,13.0
1986-01-19,13.0
1986-01-20,11.0
1986-01-21,9.0
1986-01-22,8.0
1986-01-23,7.4
1986-01-24,6.9
1986-01-25,6.5
1986-01-26,6.3
1986-01-27,6.2
1986-01-28,6.3
1986-01-29,6.4
1986-01-30,9.5
1986-01-31,9.2
1986-02-01,7.8
1986-02-02,6.9
1986-02-03,7.1
1986-02-04,6.8
1986-02-05,7.2
1986-02-06,7.0
1986-02-07,6.7
1986-02-08,6.4
1986-02-09,6.1
1986-02-10,6.1
1986-02-11,5.5
1986-02-12,6.6
1986-02-13,15.0
1986-02-14,26.0
1986-02-15,21.0
1986-02-16,15.0
1986-02-17,154.0
1986-02-18,204.0
1986-02-19,138.0
1986-02-20,74.0
1986-02-21,49.0
1986-02-22,38.0
1986-02-23,34.0
1986-02-24,31.0
1986-02-25,30.0
1986-02-26,30.0
1986-02-27,30.0
1986-02-28,31.0
1986-03-01,30.0
1986-03-02,30.0
1986-03-03,32.0
1986-03-04,33.0
1986-03-05,34.0
1986-03-06,32.0
1986-03-07,84.0
1986-03-08,300.0
1986-03-09,131.0
1986-03-10,84.0
1986-03-11,61.0
1986-03-12,51.0
1986-03-13,43.0
1986-03-14,38.0
1986-03-15,34.0
1986-03-16,30.0
1986-03-17,27.0
1986-03-18,24.0
1986-03-19,24.0
1986-03-20,24.0
1986-03-21,24.0
1986-03-22,25.0
1986-03-23,27.0
1986-03-24,28.0
1986-03-25,28.0
1986-03-26,32.0
1986-03-27,38.0
1986-03-28,43.0
1986-03-29,48.0
1986-03-30,56.0
1986-03-31,59.0
1986-04-01,59.0
1986-04-02,51.0
1986-04-03,45.0
1986-04-04,46.0
1986-04-05,48.0
1986-04-06,48.0
1986-04-07,54.0
1986-04-08,46.0
1986-04-09,47.0
1986-04-10,54.0
1986-04-11,58.0
1986-04-12,53.0
1986-04-13,45.0
1986-04-14,45.0
1986-04-15,43.0
1986-04-16,39.0
1986-04-17,35.0
1986-04-18,35.0
1986-04-19,40.0
1986-04-20,48.0
1986-04-21,58.0
1986-04-22,66.0
1986-04-23,66.0
1986-04-24,62.0
1986-04-25,57.0
1986-04-26,53.0
1986-04-27,57.0
1986-04-28,65.0
1986-04-29,63.0
1986-04-30,61.0
1986-05-01,62.0
1986-05-02,63.0
1986-05-03,70.0
1986-05-04,59.0
1986-05-05,55.0
1986-05-06,50.0
1986-05-07,45.0
1986-05-08,43.0
1986-05-09,44.0
1986-05-10,49.0
1986-05-11,46.0
1986-05-12,46.0
1986-05-13,47.0
1986-05-14,49.0
1986-05-15,49.0
1986-05-16,50.0
1986-05-17,51.0
1986-05-18,54.0
1986-05-19,55.0
1986-05-20,55.0
1986-05-21,52.0
1986-05-22,48.0
1986-05-23,45.0
1986-05-24,45.0
1986-05-25,48.0
1986-05-26,51.0
1986-05-27,52.0
1986-05-28,53.0
1986-05-29,56.0
1986-05-30,59.0
1986-05-31,67.0
1986-06-01,65.0
1986-06-02,63.0
1986-06-03,61.0
1986-06-04,54.0
1986-06-05,49.0
1986-06-06,45.0
1986-06-07,40.0
1986-06-08,37.0
1986-06-09,33.0
1986-06-10,31.0
1986-06-11,29.0
1986-06-12,29.0
1986-06-13,29.0
1986-06-14,28.0
1986-06-15,26.0
1986-06-16,24.0
1986-06-17,23.0
1986-06-18,22.0
1986-06-19,21.0
1986-06-20,19.0
1986-06-21,18.0
1986-06-22,17.0
1986-06-23,16.0
1986-06-24,16.0
1986-06-25,15.0
1986-06-26,14.0
1986-06-27,14.0
1986-06-28,13.0
1986-06-29,12.0
1986-06-30,12.0
1986-07-01,11.0
1986-07-02,10.0
1986-07-03,10.0
1986-07-04,9.6
1986-07-05,9.4
1986-07-06,9.1
1986-07-07,8.8
1986-07-08,8.5
1986-07-09,8.1
1986-07-10,7.9
1986-07-11,7.7
1986-07-12,7.5
1986-07-13,7.2
1986-07-14,6.9
1986-07-15,6.7
1986-07-16,6.4
1986-07-17,6.4
1986-07-18,6.2
1986-07-19,5.9
1986-07-20,5.7
1986-07-21,5.8
1986-07-22,5.8
1986-07-23,6.4
1986-07-24,6.3
1986-07-25,6.6
1986-07-26,6.9
1986-07-27,6.0
1986-07-28,5.5
1986-07-29,5.2
1986-07-30,5.0
1986-07-31,4.8
1986-08-01,4.7
1986-08-02,4.5
1986-08-03,4.4
1986-08-04,4.3
1986-08-05,4.2
1986-08-06,4.1
1986-08-07,4.0
1986-08-08,4.0
1986-08-09,3.9
1986-08-10,3.9
1986-08-11,3.8
1986-08-12,3.9
1986-08-13,3.8
1986-08-14,3.8
1986-08-15,3.8
1986-08-16,3.7
1986-08-17,3.7
1986-08-18,3.6
1986-08-19,3.6
1986-08-20,3.6
1986-08-21,3.6
1986-08-22,3.7
1986-08-23,3.7
1986-08-24,3.6
1986-08-25,3.5
1986-08-26,3.5
1986-08-27,3.5
1986-08-28,3.5
1986-08-29,3.4
1986-08-30,3.4
1986-08-31,3.5
1986-09-01,3.4
1986-09-02,3.4
1986-09-03,3.4
1986-09-04,3.4
1986-09-05,3.4
1986-09-06,3.3
1986-09-07,3.3
1986-09-08,3.3
1986-09-09,3.5
1986-09-10,3.6
1986-09-11,3.5
1986-09-12,3.4
1986-09-13,3.5
1986-09-14,3.6
1986-09-15,3.7
1986-09-16,4.5
1986-09-17,4.8
1986-09-18,4.4
1986-09-19,5.0
1986-09-20,4.8
1986-09-21,4.5
1986-09-22,4.4
1986-09-23,4.3
1986-09-24,6.3
1986-09-25,6.7
1986-09-26,6.4
1986-09-27,7.0
1986-09-28,6.6
1986-09-29,6.5
1986-09-30,6.6
1986-10-01,6.3
1986-10-02,5.8
1986-10-03,5.4
1986-10-04,5.2
1986-10-05,5.2
1986-10-06,5.2
1986-10-07,5.0
1986-10-08,4.8
1986-10-09,4.8
1986-10-10,4.6
1986-10-11,4.5
1986-10-12,4.5
1986-10-13,4.4
1986-10-14,4.4
1986-10-15,4.4
1986-10-16,4.3
1986-10-17,4.4
1986-10-18,4.5
1986-10-19,4.5
1986-10-20,4.4
1986-10-21,4.4
1986-10-22,4.4
1986-10-23,4.4
1986-10-24,4.3
1986-10-25,4.3
1986-10-26,4.3
1986-10-27,4.3
1986-10-28,4.3
1986-10-29,4.3
1986-10-30,4.4
1986-10-31,4.3
1986-11-01,4.3
1986-11-02,4.3
1986-11-03,4.3
1986-11-04,4.3
1986-11-05,4.3
1986-11-06,4.3
1986-11-07,4.2
1986-11-08,4.2
1986-11-09,4.1
1986-11-10,4.2
1986-11-11,4.2
1986-11-12,4.0
1986-11-13,4.0
1986-11-14,4.0
1986-11-15,4.0
1986-11-16,4.0
1986-11-17,4.0
1986-11-18,4.1
1986-11-19,4.3
1986-11-20,4.4
1986-11-21,5.5
1986-11-22,4.5
1986-11-23,4.5
1986-11-24,4.3
1986-11-25,4.2
1986-11-26,4.1
1986-11-27,4.1
1986-11-28,4.0
1986-11-29,4.1
1986-11-30,4.0
1986-12-01,4.1
1986-12-02,4.2
1986-12-03,4.3
1986-12-04,4.3
1986-12-05,4.3
1986-12-06,4.2
1986-12-07,4.2
1986-12-08,4.0
1986-12-09,3.8
1986-12-10,3.7
1986-12-11,3.7
1986-12-12,3.7
1986-12-13,3.7
1986-12-14,3.7
1986-12-15,3.7
1986-12-16,3.7
1986-12-17,3.6
1986-12-18,3.7
1986-12-19,3.7
1986-12-20,3.8
1986-12-21,3.8
1986-12-22,3.8
1986-12-23,3.8
1986-12-24,3.9
1986-12-25,3.9
1986-12-26,3.9
1986-12-27,3.9
1986-12-28,3.9
1986-12-29,3.9
1986-12-30,3.9
1986-12-31,4.0
1987-01-01,4.2
1987-01-02,4.1
1987-01-03,4.3
1987-01-04,4.3
1987-01-05,4.3
1987-01-06,4.3
1987-01-07,4.3
1987-01-08,4.2
1987-01-09,4.2
1987-01-10,4.2
1987-01-11,4.2
1987-01-12,4.1
1987-01-13,4.1
1987-01-14,4.1
1987-01-15,4.1
1987-01-16,4.0
1987-01-17,4.0
1987-01-18,4.0
1987-01-19,4.0
1987-01-20,3.9
1987-01-21,3.9
1987-01-22,4.0
1987-01-23,4.0
1987-01-24,4.1
1987-01-25,4.2
1987-01-26,4.2
1987-01-27,4.5
1987-01-28,4.3
1987-01-29,4.1
1987-01-30,4.1
1987-01-31,4.0
1987-02-01,4.0
1987-02-02,4.1
1987-02-03,4.0
1987-02-04,4.0
1987-02-05,4.0
1987-02-06,4.0
1987-02-07,4.1
1987-02-08,4.1
1987-02-09,4.2
1987-02-10,4.6
1987-02-11,5.9
1987-02-12,6.1
1987-02-13,20.0
1987-02-14,11.0
1987-02-15,7.0
1987-02-16,5.9
1987-02-17,5.4
1987-02-18,5.1
1987-02-19,4.9
1987-02-20,4.6
1987-02-21,4.4
1987-02-22,4.3
1987-02-23,4.3
1987-02-24,4.2
1987-02-25,4.1
1987-02-26,4.0
1987-02-27,3.9
1987-02-28,4.0
1987-03-01,4.0
1987-03-02,4.0
1987-03-03,4.3
1987-03-04,4.9
1987-03-05,13.0
1987-03-06,11.0
1987-03-07,8.7
1987-03-08,7.6
1987-03-09,7.1
1987-03-10,6.5
1987-03-11,7.0
1987-03-12,8.0
1987-03-13,8.0
1987-03-14,6.6
1987-03-15,5.9
1987-03-16,5.5
1987-03-17,5.4
1987-03-18,5.3
1987-03-19,5.2
1987-03-20,5.2
1987-03-21,4.9
1987-03-22,4.8
1987-03-23,4.8
1987-03-24,4.7
1987-03-25,4.7
1987-03-26,4.9
1987-03-27,4.9
1987-03-28,4.9
1987-03-29,4.8
1987-03-30,5.7
1987-03-31,7.2
1987-04-01,8.9
1987-04-02,9.9
1987-04-03,9.4
1987-04-04,8.7
1987-04-05,9.8
1987-04-06,12.0
1987-04-07,13.0
1987-04-08,14.0
1987-04-09,16.0
1987-04-10,17.0
1987-04-11,18.0
1987-04-12,16.0
1987-04-13,17.0
1987-04-14,18.0
1987-04-15,19.0
1987-04-16,19.0
1987-04-17,18.0
1987-04-18,16.0
1987-04-19,13.0
1987-04-20,13.0
1987-04-21,14.0
1987-04-22,15.0
1987-04-23,15.0
1987-04-24,16.0
1987-04-25,15.0
1987-04-26,16.0
1987-04-27,16.0
1987-04-28,15.0
1987-04-29,15.0
1987-04-30,15.0
1987-05-01,12.0
1987-05-02,11.0
1987-05-03,11.0
1987-05-04,10.0
1987-05-05,9.6
1987-05-06,9.1
1987-05-07,8.8
1987-05-08,8.7
1987-05-09,11.0
1987-05-10,11.0
1987-05-11,11.0
1987-05-12,9.4
1987-05-13,8.6
1987-05-14,8.1
1987-05-15,7.7
1987-05-16,7.2
1987-05-17,6.8
1987-05-18,6.5
1987-05-19,6.2
1987-05-20,6.4
1987-05-21,6.1
1987-05-22,5.8
1987-05-23,5.6
1987-05-24,5.3
1987-05-25,5.4
1987-05-26,5.7
1987-05-27,5.4
1987-05-28,5.2
1987-05-29,5.0
1987-05-30,4.7
1987-05-31,4.6
1987-06-01,4.5
1987-06-02,4.4
1987-06-03,4.2
1987-06-04,4.2
1987-06-05,4.1
1987-06-06,4.1
1987-06-07,4.3
1987-06-08,3.4
1987-06-09,3.2
1987-06-10,3.1
1987-06-11,3.0
1987-06-12,3.1
1987-06-13,3.4
1987-06-14,3.8
1987-06-15,3.8
1987-06-16,3.6
1987-06-17,3.3
1987-06-18,3.3
1987-06-19,3.2
1987-06-20,3.3
1987-06-21,3.3
1987-06-22,3.3
1987-06-23,3.2
1987-06-24,3.3
1987-06-25,3.2
1987-06-26,3.2
1987-06-27,3.4
1987-06-28,3.3
1987-06-29,3.2
1987-06-30,3.2
1987-07-01,3.2
1987-07-02,3.1
1987-07-03,3.0
1987-07-04,3.1
1987-07-05,3.0
1987-07-06,3.1
1987-07-07,3.0
1987-07-08,3.1
1987-07-09,2.4
1987-07-10,2.1
1987-07-11,2.1
1987-07-12,2.1
1987-07-13,2.0
1987-07-14,2.0
1987-07-15,2.0
1987-07-16,2.0
1987-07-17,2.1
1987-07-18,2.4
1987-07-19,2.3
1987-07-20,2.2
1987-07-21,2.2
1987-07-22,2.2
1987-07-23,2.1
1987-07-24,2.1
1987-07-25,2.0
1987-07-26,2.0
1987-07-27,1.9
1987-07-28,1.9
1987-07-29,1.9
1987-07-30,1.8
1987-07-31,1.8
1987-08-01,1.8
1987-08-02,1.8
1987-08-03,1.8
1987-08-04,1.8
1987-08-05,1.8
1987-08-06,1.8
1987-08-07,1.8
1987-08-08,1.8
1987-08-09,1.7
1987-08-10,1.7
1987-08-11,1.7
1987-08-12,1.7
1987-08-13,1.9
1987-08-14,2.1
1987-08-15,2.0
1987-08-16,2.0
1987-08-17,2.0
1987-08-18,2.0
1987-08-19,2.0
1987-08-20,1.9
1987-08-21,2.0
1987-08-22,2.0
1987-08-23,2.0
1987-08-24,1.9
1987-08-25,1.8
1987-08-26,1.9
1987-08-27,1.8
1987-08-28,1.8
1987-08-29,1.8
1987-08-30,1.9
1987-08-31,2.0
1987-09-01,1.9
1987-09-02,2.1
1987-09-03,2.1
1987-09-04,2.0
1987-09-05,2.0
1987-09-06,2.0
1987-09-07,2.1
1987-09-08,2.1
1987-09-09,2.1
1987-09-10,2.1
1987-09-11,2.1
1987-09-12,2.2
1987-09-13,2.2
1987-09-14,2.2
1987-09-15,2.2
1987-09-16,2.2
1987-09-17,2.1
1987-09-18,2.0
1987-09-19,2.0
1987-09-20,2.0
1987-09-21,2.0
1987-09-22,2.0
1987-09-23,2.0
1987-09-24,2.0
1987-09-25,2.0
1987-09-26,2.0
1987-09-27,2.1
1987-09-28,2.1
1987-09-29,2.1
1987-09-30,2.1
1987-10-01,2.1
1987-10-02,2.1
1987-10-03,2.1
1987-10-04,2.1
1987-10-05,2.1
1987-10-06,2.1
1987-10-07,2.1
1987-10-08,2.1
1987-10-09,2.2
1987-10-10,2.2
1987-10-11,2.2
1987-10-12,2.8
1987-10-13,2.4
1987-10-14,2.3
1987-10-15,2.3
1987-10-16,2.3
1987-10-17,2.3
1987-10-18,2.3
1987-10-19,2.3
1987-10-20,2.3
1987-10-21,2.3
1987-10-22,2.4
1987-10-23,3.0
1987-10-24,2.7
1987-10-25,2.5
1987-10-26,2.5
1987-10-27,2.5
1987-10-28,2.7
1987-10-29,2.7
1987-10-30,2.6
1987-10-31,2.5
1987-11-01,2.5
1987-11-02,2.6
1987-11-03,2.6
1987-11-04,2.6
1987-11-05,2.6
1987-11-06,2.6
1987-11-07,2.6
1987-11-08,2.6
1987-11-09,2.7
1987-11-10,2.5
1987-11-11,2.5
1987-11-12,2.5
1987-11-13,4.2
1987-11-14,3.2
1987-11-15,2.7
1987-11-16,2.8
1987-11-17,3.6
1987-11-18,3.3
1987-11-19,3.0
1987-11-20,2.8
1987-11-21,2.8
1987-11-22,2.7
1987-11-23,2.5
1987-11-24,2.5
1987-11-25,2.6
1987-11-26,2.5
1987-11-27,2.4
1987-11-28,2.5
1987-11-29,2.4
1987-11-30,2.5
1987-12-01,3.1
1987-12-02,5.4
1987-12-03,3.8
1987-12-04,3.3
1987-12-05,3.2
1987-12-06,5.7
1987-12-07,4.4
1987-12-08,3.8
1987-12-09,4.7
1987-12-10,9.3
1987-12-11,5.7
1987-12-12,3.9
1987-12-13,3.3
1987-12-14,3.3
1987-12-15,3.0
1987-12-16,3.0
1987-12-17,3.0
1987-12-18,2.9
1987-12-19,2.9
1987-12-20,2.9
1987-12-21,2.9
1987-12-22,3.0
1987-12-23,3.0
1987-12-24,3.0
1987-12-25,2.9
1987-12-26,2.8
1987-12-27,2.7
1987-12-28,2.7
1987-12-29,2.6
1987-12-30,2.6
1987-12-31,2.5
1988-01-01,2.6
1988-01-02,2.6
1988-01-03,2.9
1988-01-04,3.3
1988-01-05,3.8
1988-01-06,3.4
1988-01-07,3.2
1988-01-08,3.2
1988-01-09,3.3
1988-01-10,3.3
1988-01-11,3.2
1988-01-12,3.1
1988-01-13,3.2
1988-01-14,3.0
1988-01-15,3.2
1988-01-16,3.2
1988-01-17,3.3
1988-01-18,3.2
1988-01-19,3.1
1988-01-20,3.1
1988-01-21,3.1
1988-01-22,3.0
1988-01-23,3.0
1988-01-24,3.0
1988-01-25,3.1
1988-01-26,3.0
1988-01-27,3.1
1988-01-28,3.2
1988-01-29,3.2
1988-01-30,3.2
1988-01-31,3.2
1988-02-01,3.2
1988-02-02,3.1
1988-02-03,3.2
1988-02-04,3.2
1988-02-05,3.0
1988-02-06,3.0
1988-02-07,2.9
1988-02-08,3.0
1988-02-09,3.0
1988-02-10,3.1
1988-02-11,3.2
1988-02-12,3.2
1988-02-13,3.2
1988-02-14,3.2
1988-02-15,3.2
1988-02-16,3.5
1988-02-17,3.4
1988-02-18,3.4
1988-02-19,3.2
1988-02-20,3.2
1988-02-21,3.2
1988-02-22,3.4
1988-02-23,3.5
1988-02-24,3.7
1988-02-25,3.9
1988-02-26,4.1
1988-02-27,4.2
1988-02-28,4.6
1988-02-29,4.7
1988-03-01,4.6
1988-03-02,4.4
1988-03-03,4.6
1988-03-04,5.1
1988-03-05,5.5
1988-03-06,5.6
1988-03-07,5.4
1988-03-08,5.8
1988-03-09,5.8
1988-03-10,4.8
1988-03-11,4.4
1988-03-12,4.2
1988-03-13,4.1
1988-03-14,4.2
1988-03-15,4.4
1988-03-16,4.2
1988-03-17,4.4
1988-03-18,4.9
1988-03-19,5.7
1988-03-20,6.4
1988-03-21,6.7
1988-03-22,6.9
1988-03-23,8.6
1988-03-24,8.1
1988-03-25,8.4
1988-03-26,9.0
1988-03-27,8.3
1988-03-28,6.8
1988-03-29,6.5
1988-03-30,6.1
1988-03-31,5.7
1988-04-01,5.9
1988-04-02,6.3
1988-04-03,7.1
1988-04-04,6.8
1988-04-05,6.9
1988-04-06,7.8
1988-04-07,8.2
1988-04-08,7.4
1988-04-09,6.7
1988-04-10,6.7
1988-04-11,7.2
1988-04-12,7.2
1988-04-13,7.9
1988-04-14,10.0
1988-04-15,8.7
1988-04-16,7.3
1988-04-17,6.9
1988-04-18,6.5
1988-04-19,7.8
1988-04-20,8.0
1988-04-21,6.8
1988-04-22,6.5
1988-04-23,5.9
1988-04-24,5.7
1988-04-25,5.7
1988-04-26,5.4
1988-04-27,5.4
1988-04-28,5.2
1988-04-29,5.1
1988-04-30,5.1
1988-05-01,5.0
1988-05-02,4.7
1988-05-03,4.4
1988-05-04,4.3
1988-05-05,4.1
1988-05-06,4.1
1988-05-07,4.0
1988-05-08,3.9
1988-05-09,3.6
1988-05-10,3.5
1988-05-11,3.5
1988-05-12,3.4
1988-05-13,3.3
1988-05-14,3.1
1988-05-15,3.0
1988-05-16,3.0
1988-05-17,3.5
1988-05-18,3.2
1988-05-19,2.9
1988-05-20,2.8
1988-05-21,2.8
1988-05-22,2.7
1988-05-23,2.6
1988-05-24,2.6
1988-05-25,2.5
1988-05-26,2.5
1988-05-27,2.5
1988-05-28,3.2
1988-05-29,4.6
1988-05-30,3.9
1988-05-31,3.6
1988-06-01,4.5
1988-06-02,3.5
1988-06-03,2.9
1988-06-04,2.8
1988-06-05,2.8
1988-06-06,3.0
1988-06-07,4.0
1988-06-08,3.6
1988-06-09,3.1
1988-06-10,2.9
1988-06-11,2.8
1988-06-12,2.6
1988-06-13,2.5
1988-06-14,2.5
1988-06-15,2.3
1988-06-16,2.3
1988-06-17,2.3
1988-06-18,2.1
1988-06-19,2.1
1988-06-20,2.2
1988-06-21,2.0
1988-06-22,2.0
1988-06-23,1.9
1988-06-24,2.0
1988-06-25,2.4
1988-06-26,2.2
1988-06-27,2.0
1988-06-28,1.9
1988-06-29,1.9
1988-06-30,1.8
1988-07-01,1.8
1988-07-02,1.7
1988-07-03,1.7
1988-07-04,1.7
1988-07-05,1.7
1988-07-06,1.7
1988-07-07,1.7
1988-07-08,1.7
1988-07-09,1.8
1988-07-10,1.7
1988-07-11,1.7
1988-07-12,1.7
1988-07-13,1.7
1988-07-14,1.7
1988-07-15,1.7
1988-07-16,1.6
1988-07-17,1.6
1988-07-18,1.6
1988-07-19,1.6
1988-07-20,1.6
1988-07-21,1.6
1988-07-22,1.7
1988-07-23,1.7
1988-07-24,1.8
1988-07-25,1.8
1988-07-26,2.0
1988-07-27,2.0
1988-07-28,1.7
1988-07-29,1.6
1988-07-30,1.6
1988-07-31,1.6
1988-08-01,1.5
1988-08-02,1.5
1988-08-03,1.5
1988-08-04,1.5
1988-08-05,1.5
1988-08-06,1.5
1988-08-07,1.5
1988-08-08,1.5
1988-08-09,1.5
1988-08-10,1.5
1988-08-11,1.5
1988-08-12,1.5
1988-08-13,1.5
1988-08-14,1.5
1988-08-15,1.5
1988-08-16,1.5
1988-08-17,1.5
1988-08-18,1.5
1988-08-19,1.5
1988-08-20,1.5
1988-08-21,1.5
1988-08-22,1.5
1988-08-23,1.5
1988-08-24,1.5
1988-08-25,1.5
1988-08-26,1.6
1988-08-27,1.6
1988-08-28,1.6
1988-08-29,1.6
1988-08-30,1.6
1988-08-31,1.6
1988-09-01,1.8
1988-09-02,2.0
1988-09-03,1.7
1988-09-04,1.7
1988-09-05,1.7
1988-09-06,1.6
1988-09-07,1.6
1988-09-08,1.6
1988-09-09,1.6
1988-09-10,1.6
1988-09-11,1.7
1988-09-12,1.7
1988-09-13,1.7
1988-09-14,1.6
1988-09-15,1.6
1988-09-16,1.6
1988-09-17,1.6
1988-09-18,1.6
1988-09-19,1.7
1988-09-20,1.8
1988-09-21,1.8
1988-09-22,1.7
1988-09-23,1.7
1988-09-24,1.7
1988-09-25,1.6
1988-09-26,1.6
1988-09-27,1.6
1988-09-28,1.6
1988-09-29,1.6
1988-09-30,1.6
1988-10-01,1.6
1988-10-02,1.6
1988-10-03,1.6
1988-10-04,1.6
1988-10-05,1.6
1988-10-06,1.6
1988-10-07,1.6
1988-10-08,1.6
1988-10-09,1.6
1988-10-10,1.6
1988-10-11,2.0
1988-10-12,2.1
1988-10-13,1.9
1988-10-14,1.8
1988-10-15,1.8
1988-10-16,1.8
1988-10-17,1.7
1988-10-18,1.7
1988-10-19,1.7
1988-10-20,1.7
1988-10-21,1.7
1988-10-22,1.7
1988-10-23,1.7
1988-10-24,1.7
1988-10-25,1.7
1988-10-26,1.7
1988-10-27,1.7
1988-10-28,1.7
1988-10-29,1.7
1988-10-30,1.7
1988-10-31,1.8
1988-11-01,1.8
1988-11-02,1.9
1988-11-03,2.0
1988-11-04,1.9
1988-11-05,1.8
1988-11-06,2.1
1988-11-07,2.0
1988-11-08,2.0
1988-11-09,2.0
1988-11-10,2.4
1988-11-11,2.1
1988-11-12,2.3
1988-11-13,4.1
1988-11-14,2.9
1988-11-15,2.4
1988-11-16,2.3
1988-11-17,2.4
1988-11-18,2.3
1988-11-19,2.3
1988-11-20,2.3
1988-11-21,2.3
1988-11-22,8.7
1988-11-23,28.0
1988-11-24,7.4
1988-11-25,5.0
1988-11-26,4.1
1988-11-27,3.7
1988-11-28,3.6
1988-11-29,3.4
1988-11-30,3.2
1988-12-01,3.1
1988-12-02,3.0
1988-12-03,3.0
1988-12-04,2.9
1988-12-05,2.9
1988-12-06,2.9
1988-12-07,2.9
1988-12-08,2.9
1988-12-09,2.8
1988-12-10,2.8
1988-12-11,2.8
1988-12-12,2.8
1988-12-13,2.8
1988-12-14,2.7
1988-12-15,2.7
1988-12-16,2.6
1988-12-17,2.6
1988-12-18,2.6
1988-12-19,2.6
1988-12-20,2.6
1988-12-21,2.9
1988-12-22,2.7
1988-12-23,2.8
1988-12-24,2.6
1988-12-25,2.6
1988-12-26,2.4
1988-12-27,2.4
1988-12-28,2.4
1988-12-29,2.4
1988-12-30,2.4
1988-12-31,2.4
1989-01-01,2.4
1989-01-02,2.4
1989-01-03,2.4
1989-01-04,2.4
1989-01-05,2.4
1989-01-06,2.5
1989-01-07,2.5
1989-01-08,2.5
1989-01-09,2.5
1989-01-10,2.6
1989-01-11,2.6
1989-01-12,2.6
1989-01-13,2.6
1989-01-14,2.8
1989-01-15,2.8
1989-01-16,2.8
1989-01-17,2.9
1989-01-18,3.0
1989-01-19,3.0
1989-01-20,3.0
1989-01-21,3.0
1989-01-22,3.0
1989-01-23,3.0
1989-01-24,3.0
1989-01-25,3.0
1989-01-26,3.0
1989-01-27,2.9
1989-01-28,2.9
1989-01-29,2.9
1989-01-30,3.0
1989-01-31,3.0
1989-02-01,3.2
1989-02-02,3.2
1989-02-03,3.3
1989-02-04,3.6
1989-02-05,3.3
1989-02-06,2.9
1989-02-07,2.9
1989-02-08,3.0
1989-02-09,2.9
1989-02-10,2.9
1989-02-11,2.9
1989-02-12,2.9
1989-02-13,2.9
1989-02-14,2.9
1989-02-15,2.9
1989-02-16,2.9
1989-02-17,3.0
1989-02-18,3.1
1989-02-19,3.1
1989-02-20,3.0
1989-02-21,3.4
1989-02-22,6.7
1989-02-23,9.0
1989-02-24,8.2
1989-02-25,8.1
1989-02-26,8.9
1989-02-27,7.6
1989-02-28,6.6
1989-03-01,6.1
1989-03-02,6.2
1989-03-03,5.4
1989-03-04,5.1
1989-03-05,6.4
1989-03-06,11.0
1989-03-07,18.0
1989-03-08,47.0
1989-03-09,50.0
1989-03-10,41.0
1989-03-11,48.0
1989-03-12,32.0
1989-03-13,24.0
1989-03-14,19.0
1989-03-15,17.0
1989-03-16,16.0
1989-03-17,13.0
1989-03-18,12.0
1989-03-19,15.0
1989-03-20,14.0
1989-03-21,13.0
1989-03-22,15.0
1989-03-23,15.0
1989-03-24,24.0
1989-03-25,22.0
1989-03-26,17.0
1989-03-27,17.0
1989-03-28,27.0
1989-03-29,25.0
1989-03-30,24.0
1989-03-31,30.0
1989-04-01,29.0
1989-04-02,29.0
1989-04-03,29.0
1989-04-04,31.0
1989-04-05,34.0
1989-04-06,40.0
1989-04-07,44.0
1989-04-08,47.0
1989-04-09,49.0
1989-04-10,53.0
1989-04-11,52.0
1989-04-12,48.0
1989-04-13,47.0
1989-04-14,50.0
1989-04-15,52.0
1989-04-16,51.0
1989-04-17,50.0
1989-04-18,49.0
1989-04-19,49.0
1989-04-20,50.0
1989-04-21,54.0
1989-04-22,43.0
1989-04-23,37.0
1989-04-24,34.0
1989-04-25,31.0
1989-04-26,27.0
1989-04-27,24.0
1989-04-28,23.0
1989-04-29,22.0
1989-04-30,21.0
1989-05-01,23.0
1989-05-02,24.0
1989-05-03,26.0
1989-05-04,29.0
1989-05-05,31.0
1989-05-06,32.0
1989-05-07,34.0
1989-05-08,35.0
1989-05-09,35.0
1989-05-10,32.0
1989-05-11,29.0
1989-05-12,27.0
1989-05-13,27.0
1989-05-14,25.0
1989-05-15,28.0
1989-05-16,24.0
1989-05-17,23.0
1989-05-18,22.0
1989-05-19,20.0
1989-05-20,19.0
1989-05-21,18.0
1989-05-22,18.0
1989-05-23,21.0
1989-05-24,18.0
1989-05-25,16.0
1989-05-26,15.0
1989-05-27,15.0
1989-05-28,14.0
1989-05-29,14.0
1989-05-30,13.0
1989-05-31,12.0
1989-06-01,12.0
1989-06-02,12.0
1989-06-03,16.0
1989-06-04,21.0
1989-06-05,19.0
1989-06-06,17.0
1989-06-07,25.0
1989-06-08,21.0
1989-06-09,18.0
1989-06-10,17.0
1989-06-11,16.0
1989-06-12,14.0
1989-06-13,14.0
1989-06-14,13.0
1989-06-15,12.0
1989-06-16,12.0
1989-06-17,11.0
1989-06-18,9.8
1989-06-19,9.0
1989-06-20,8.5
1989-06-21,8.1
1989-06-22,7.6
1989-06-23,7.3
1989-06-24,6.9
1989-06-25,6.6
1989-06-26,6.3
1989-06-27,6.2
1989-06-28,5.9
1989-06-29,5.6
1989-06-30,5.4
1989-07-01,5.2
1989-07-02,4.9
1989-07-03,4.6
1989-07-04,4.4
1989-07-05,4.1
1989-07-06,4.0
1989-07-07,3.8
1989-07-08,3.6
1989-07-09,3.5
1989-07-10,3.6
1989-07-11,3.5
1989-07-12,3.4
1989-07-13,3.3
1989-07-14,3.2
1989-07-15,3.1
1989-07-16,3.0
1989-07-17,3.0
1989-07-18,2.9
1989-07-19,2.8
1989-07-20,2.7
1989-07-21,2.6
1989-07-22,2.6
1989-07-23,2.5
1989-07-24,2.5
1989-07-25,2.4
1989-07-26,2.3
1989-07-27,2.3
1989-07-28,2.2
1989-07-29,2.2
1989-07-30,2.1
1989-07-31,2.1
1989-08-01,2.1
1989-08-02,2.1
1989-08-03,2.2
1989-08-04,2.2
1989-08-05,2.1
1989-08-06,2.1
1989-08-07,2.9
1989-08-08,6.1
1989-08-09,3.5
1989-08-10,2.8
1989-08-11,2.5
1989-08-12,2.3
1989-08-13,2.3
1989-08-14,2.2
1989-08-15,2.1
1989-08-16,2.1
1989-08-17,2.1
1989-08-18,2.2
1989-08-19,2.2
1989-08-20,2.2
1989-08-21,2.3
1989-08-22,2.1
1989-08-23,2.3
1989-08-24,2.6
1989-08-25,2.3
1989-08-26,2.1
1989-08-27,2.0
1989-08-28,2.0
1989-08-29,1.9
1989-08-30,1.9
1989-08-31,1.9
1989-09-01,1.9
1989-09-02,1.9
1989-09-03,1.8
1989-09-04,1.8
1989-09-05,1.8
1989-09-06,1.8
1989-09-07,1.8
1989-09-08,1.8
1989-09-09,1.7
1989-09-10,1.9
1989-09-11,1.9
1989-09-12,2.2
1989-09-13,2.0
1989-09-14,1.8
1989-09-15,1.8
1989-09-16,2.3
1989-09-17,5.0
1989-09-18,5.1
1989-09-19,4.2
1989-09-20,2.8
1989-09-21,2.4
1989-09-22,2.2
1989-09-23,2.2
1989-09-24,2.1
1989-09-25,2.0
1989-09-26,2.0
1989-09-27,2.0
1989-09-28,1.9
1989-09-29,2.6
1989-09-30,2.4
1989-10-01,2.3
1989-10-02,2.7
1989-10-03,3.6
1989-10-04,3.1
1989-10-05,2.8
1989-10-06,2.6
1989-10-07,2.5
1989-10-08,2.4
1989-10-09,2.3
1989-10-10,2.3
1989-10-11,2.3
1989-10-12,2.2
1989-10-13,2.2
1989-10-14,2.1
1989-10-15,2.1
1989-10-16,2.1
1989-10-17,2.0
1989-10-18,2.0
1989-10-19,2.0
1989-10-20,2.1
1989-10-21,4.7
1989-10-22,4.7
1989-10-23,13.0
1989-10-24,6.5
1989-10-25,4.8
1989-10-26,4.0
1989-10-27,3.9
1989-10-28,3.5
1989-10-29,3.3
1989-10-30,3.2
1989-10-31,3.1
1989-11-01,3.1
1989-11-02,3.1
1989-11-03,3.0
1989-11-04,3.2
1989-11-05,3.2
1989-11-06,3.1
1989-11-07,3.0
1989-11-08,2.9
1989-11-09,2.8
1989-11-10,2.9
1989-11-11,2.9
1989-11-12,2.9
1989-11-13,2.9
1989-11-14,2.8
1989-11-15,2.8
1989-11-16,2.8
1989-11-17,2.7
1989-11-18,2.7
1989-11-19,2.7
1989-11-20,2.6
1989-11-21,2.6
1989-11-22,2.6
1989-11-23,2.6
1989-11-24,3.8
1989-11-25,2.8
1989-11-26,2.9
1989-11-27,3.0
1989-11-28,3.0
1989-11-29,3.0
1989-11-30,3.0
1989-12-01,3.0
1989-12-02,2.9
1989-12-03,3.0
1989-12-04,3.1
1989-12-05,3.3
1989-12-06,3.3
1989-12-07,3.2
1989-12-08,3.0
1989-12-09,3.1
1989-12-10,3.0
1989-12-11,2.8
1989-12-12,2.8
1989-12-13,2.8
1989-12-14,2.7
1989-12-15,2.8
1989-12-16,2.8
1989-12-17,2.8
1989-12-18,2.8
1989-12-19,2.7
1989-12-20,2.7
1989-12-21,2.7
1989-12-22,2.7
1989-12-23,2.6
1989-12-24,2.6
1989-12-25,2.6
1989-12-26,2.6
1989-12-27,2.6
1989-12-28,2.6
1989-12-29,2.6
1989-12-30,2.5
1989-12-31,2.5
1990-01-01,2.6
1990-01-02,2.6
1990-01-03,2.5
1990-01-04,2.5
1990-01-05,2.5
1990-01-06,2.5
1990-01-07,3.6
1990-01-08,9.5
1990-01-09,5.5
1990-01-10,4.3
1990-01-11,4.0
1990-01-12,4.1
1990-01-13,4.1
1990-01-14,3.9
1990-01-15,3.7
1990-01-16,3.6
1990-01-17,3.5
1990-01-18,3.3
1990-01-19,3.2
1990-01-20,3.1
1990-01-21,3.1
1990-01-22,3.0
1990-01-23,3.0
1990-01-24,3.1
1990-01-25,3.0
1990-01-26,3.0
1990-01-27,3.0
1990-01-28,3.0
1990-01-29,2.9
1990-01-30,3.1
1990-01-31,3.0
1990-02-01,3.0
1990-02-02,2.9
1990-02-03,2.8
1990-02-04,2.9
1990-02-05,2.9
1990-02-06,2.9
1990-02-07,2.9
1990-02-08,3.0
1990-02-09,2.9
1990-02-10,3.0
1990-02-11,3.0
1990-02-12,3.1
1990-02-13,3.0
1990-02-14,3.0
1990-02-15,3.0
1990-02-16,2.9
1990-02-17,2.9
1990-02-18,2.9
1990-02-19,2.9
1990-02-20,3.0
1990-02-21,2.9
1990-02-22,3.0
1990-02-23,3.1
1990-02-24,3.2
1990-02-25,3.5
1990-02-26,3.7
1990-02-27,4.0
1990-02-28,4.1
1990-03-01,4.2
1990-03-02,4.3
1990-03-03,5.0
1990-03-04,4.4
1990-03-05,4.1
1990-03-06,4.0
1990-03-07,4.1
1990-03-08,4.4
1990-03-09,4.4
1990-03-10,4.3
1990-03-11,4.3
1990-03-12,4.0
1990-03-13,3.9
1990-03-14,3.8
1990-03-15,4.0
1990-03-16,4.2
1990-03-17,5.0
1990-03-18,6.0
1990-03-19,7.2
1990-03-20,8.1
1990-03-21,8.6
1990-03-22,9.6
1990-03-23,10.0
1990-03-24,12.0
1990-03-25,13.0
1990-03-26,13.0
1990-03-27,13.0
1990-03-28,12.0
1990-03-29,12.0
1990-03-30,12.0
1990-03-31,13.0
1990-04-01,14.0
1990-04-02,15.0
1990-04-03,16.0
1990-04-04,18.0
1990-04-05,19.0
1990-04-06,18.0
1990-04-07,18.0
1990-04-08,18.0
1990-04-09,18.0
1990-04-10,20.0
1990-04-11,22.0
1990-04-12,23.0
1990-04-13,25.0
1990-04-14,26.0
1990-04-15,25.0
1990-04-16,24.0
1990-04-17,21.0
1990-04-18,21.0
1990-04-19,20.0
1990-04-20,20.0
1990-04-21,29.0
1990-04-22,22.0
1990-04-23,27.0
1990-04-24,22.0
1990-04-25,19.0
1990-04-26,19.0
1990-04-27,18.0
1990-04-28,19.0
1990-04-29,16.0
1990-04-30,14.0
1990-05-01,13.0
1990-05-02,12.0
1990-05-03,12.0
1990-05-04,11.0
1990-05-05,11.0
1990-05-06,10.0
1990-05-07,9.6
1990-05-08,8.9
1990-05-09,8.6
1990-05-10,9.1
1990-05-11,8.2
1990-05-12,7.6
1990-05-13,7.2
1990-05-14,6.9
1990-05-15,6.5
1990-05-16,6.3
1990-05-17,6.0
1990-05-18,5.7
1990-05-19,5.5
1990-05-20,8.9
1990-05-21,7.7
1990-05-22,6.5
1990-05-23,7.0
1990-05-24,6.7
1990-05-25,5.8
1990-05-26,6.7
1990-05-27,8.0
1990-05-28,7.4
1990-05-29,6.1
1990-05-30,10.0
1990-05-31,12.0
1990-06-01,10.0
1990-06-02,8.6
1990-06-03,7.1
1990-06-04,6.3
1990-06-05,5.7
1990-06-06,5.8
1990-06-07,5.5
1990-06-08,5.0
1990-06-09,4.7
1990-06-10,4.5
1990-06-11,4.3
1990-06-12,4.2
1990-06-13,4.4
1990-06-14,4.8
1990-06-15,4.5
1990-06-16,4.4
1990-06-17,4.0
1990-06-18,3.8
1990-06-19,3.7
1990-06-20,3.4
1990-06-21,3.3
1990-06-22,3.1
1990-06-23,3.0
1990-06-24,2.9
1990-06-25,2.8
1990-06-26,2.7
1990-06-27,2.6
1990-06-28,2.6
1990-06-29,2.5
1990-06-30,2.4
1990-07-01,2.3
1990-07-02,2.6
1990-07-03,2.4
1990-07-04,2.3
1990-07-05,2.3
1990-07-06,2.2
1990-07-07,2.2
1990-07-08,2.1
1990-07-09,2.1
1990-07-10,2.0
1990-07-11,2.0
1990-07-12,2.0
1990-07-13,1.9
1990-07-14,1.9
1990-07-15,2.0
1990-07-16,2.5
1990-07-17,2.0
1990-07-18,1.9
1990-07-19,1.9
1990-07-20,1.8
1990-07-21,1.8
1990-07-22,1.7
1990-07-23,1.7
1990-07-24,1.7
1990-07-25,1.7
1990-07-26,1.7
1990-07-27,1.7
1990-07-28,1.6
1990-07-29,1.6
1990-07-30,1.6
1990-07-31,1.5
1990-08-01,1.6
1990-08-02,1.7
1990-08-03,1.5
1990-08-04,1.5
1990-08-05,1.5
1990-08-06,1.5
1990-08-07,1.6
1990-08-08,1.7
1990-08-09,1.8
1990-08-10,1.6
1990-08-11,1.5
1990-08-12,1.5
1990-08-13,1.5
1990-08-14,1.5
1990-08-15,1.5
1990-08-16,1.5
1990-08-17,1.5
1990-08-18,1.6
1990-08-19,1.8
1990-08-20,2.0
1990-08-21,1.8
1990-08-22,1.7
1990-08-23,1.7
1990-08-24,1.6
1990-08-25,1.6
1990-08-26,1.6
1990-08-27,1.6
1990-08-28,1.5
1990-08-29,1.5
1990-08-30,1.5
1990-08-31,1.5
1990-09-01,1.5
1990-09-02,1.5
1990-09-03,1.5
1990-09-04,1.5
1990-09-05,1.5
1990-09-06,1.5
1990-09-07,1.5
1990-09-08,1.5
1990-09-09,1.5
1990-09-10,1.5
1990-09-11,1.5
1990-09-12,1.4
1990-09-13,1.4
1990-09-14,1.4
1990-09-15,1.4
1990-09-16,1.5
1990-09-17,1.5
1990-09-18,1.5
1990-09-19,1.5
1990-09-20,1.5
1990-09-21,1.5
1990-09-22,1.5
1990-09-23,1.6
1990-09-24,1.7
1990-09-25,2.8
1990-09-26,3.2
1990-09-27,2.6
1990-09-28,2.0
1990-09-29,1.8
1990-09-30,1.7
1990-10-01,1.7
1990-10-02,1.7
1990-10-03,1.7
1990-10-04,1.6
1990-10-05,1.7
1990-10-06,1.7
1990-10-07,1.7
1990-10-08,1.7
1990-10-09,1.7
1990-10-10,1.7
1990-10-11,1.7
1990-10-12,1.7
1990-10-13,1.7
1990-10-14,1.7
1990-10-15,1.7
1990-10-16,1.7
1990-10-17,1.7
1990-10-18,1.8
1990-10-19,2.1
1990-10-20,1.9
1990-10-21,1.9
1990-10-22,1.8
1990-10-23,1.8
1990-10-24,1.8
1990-10-25,1.8
1990-10-26,1.8
1990-10-27,1.8
1990-10-28,1.8
1990-10-29,1.8
1990-10-30,1.8
1990-10-31,2.4
1990-11-01,2.2
1990-11-02,2.0
1990-11-03,1.9
1990-11-04,2.0
1990-11-05,2.0
1990-11-06,2.0
1990-11-07,1.9
1990-11-08,2.0
1990-11-09,2.0
1990-11-10,2.0
1990-11-11,2.0
1990-11-12,2.0
1990-11-13,2.0
1990-11-14,2.0
1990-11-15,2.1
1990-11-16,2.1
1990-11-17,2.1
1990-11-18,2.1
1990-11-19,2.0
1990-11-20,2.0
1990-11-21,2.0
1990-11-22,1.9
1990-11-23,1.9
1990-11-24,1.9
1990-11-25,1.9
1990-11-26,2.0
1990-11-27,2.1
1990-11-28,2.1
1990-11-29,2.1
1990-11-30,2.1
1990-12-01,2.0
1990-12-02,2.0
1990-12-03,2.0
1990-12-04,2.0
1990-12-05,2.1
1990-12-06,2.0
1990-12-07,2.0
1990-12-08,2.0
1990-12-09,2.0
1990-12-10,2.1
1990-12-11,2.1
1990-12-12,2.1
1990-12-13,2.2
1990-12-14,2.2
1990-12-15,2.2
1990-12-16,2.2
1990-12-17,2.2
1990-12-18,2.2
1990-12-19,2.2
1990-12-20,2.2
1990-12-21,2.2
1990-12-22,2.2
1990-12-23,2.2
1990-12-24,2.2
1990-12-25,2.2
1990-12-26,2.2
1990-12-27,2.2
1990-12-28,2.2
1990-12-29,2.2
1990-12-30,2.1
1990-12-31,2.1
1991-01-01,2.1
1991-01-02,2.1
1991-01-03,2.1
1991-01-04,2.2
1991-01-05,2.2
1991-01-06,2.2
1991-01-07,2.2
1991-01-08,2.2
1991-01-09,2.2
1991-01-10,2.1
1991-01-11,2.1
1991-01-12,2.2
1991-01-13,2.2
1991-01-14,2.2
1991-01-15,2.2
1991-01-16,2.1
1991-01-17,2.1
1991-01-18,2.1
1991-01-19,2.1
1991-01-20,2.1
1991-01-21,2.1
1991-01-22,2.0
1991-01-23,2.0
1991-01-24,2.0
1991-01-25,2.0
1991-01-26,2.0
1991-01-27,2.0
1991-01-28,2.0
1991-01-29,1.9
1991-01-30,2.0
1991-01-31,2.0
1991-02-01,2.0
1991-02-02,2.3
1991-02-03,2.5
1991-02-04,2.4
1991-02-05,2.7
1991-02-06,2.5
1991-02-07,2.4
1991-02-08,2.4
1991-02-09,2.3
1991-02-10,2.5
1991-02-11,2.4
1991-02-12,2.5
1991-02-13,2.7
1991-02-14,2.9
1991-02-15,3.0
1991-02-16,3.0
1991-02-17,2.8
1991-02-18,2.7
1991-02-19,2.7
1991-02-20,2.7
1991-02-21,2.7
1991-02-22,2.8
1991-02-23,2.8
1991-02-24,2.6
1991-02-25,2.6
1991-02-26,2.7
1991-02-27,2.7
1991-02-28,3.0
1991-03-01,2.9
1991-03-02,2.7
1991-03-03,6.2
1991-03-04,47.0
1991-03-05,19.0
1991-03-06,9.4
1991-03-07,6.2
1991-03-08,5.2
1991-03-09,4.7
1991-03-10,4.3
1991-03-11,3.9
1991-03-12,3.6
1991-03-13,3.6
1991-03-14,3.4
1991-03-15,3.3
1991-03-16,3.2
1991-03-17,3.2
1991-03-18,3.1
1991-03-19,3.1
1991-03-20,3.0
1991-03-21,2.9
1991-03-22,2.9
1991-03-23,2.8
1991-03-24,3.2
1991-03-25,3.0
1991-03-26,2.9
1991-03-27,2.9
1991-03-28,3.1
1991-03-29,3.4
1991-03-30,4.0
1991-03-31,4.8
1991-04-01,5.3
1991-04-02,5.4
1991-04-03,5.8
1991-04-04,6.6
1991-04-05,8.3
1991-04-06,17.0
1991-04-07,12.0
1991-04-08,9.7
1991-04-09,9.8
1991-04-10,9.1
1991-04-11,7.7
1991-04-12,7.8
1991-04-13,9.2
1991-04-14,11.0
1991-04-15,10.0
1991-04-16,8.9
1991-04-17,7.9
1991-04-18,8.2
1991-04-19,9.3
1991-04-20,11.0
1991-04-21,11.0
1991-04-22,12.0
1991-04-23,13.0
1991-04-24,13.0
1991-04-25,11.0
1991-04-26,11.0
1991-04-27,11.0
1991-04-28,12.0
1991-04-29,14.0
1991-04-30,14.0
1991-05-01,13.0
1991-05-02,12.0
1991-05-03,12.0
1991-05-04,13.0
1991-05-05,14.0
1991-05-06,16.0
1991-05-07,18.0
1991-05-08,21.0
1991-05-09,19.0
1991-05-10,15.0
1991-05-11,13.0
1991-05-12,13.0
1991-05-13,14.0
1991-05-14,14.0
1991-05-15,15.0
1991-05-16,17.0
1991-05-17,17.0
1991-05-18,14.0
1991-05-19,12.0
1991-05-20,13.0
1991-05-21,14.0
1991-05-22,15.0
1991-05-23,16.0
1991-05-24,16.0
1991-05-25,16.0
1991-05-26,14.0
1991-05-27,13.0
1991-05-28,12.0
1991-05-29,11.0
1991-05-30,12.0
1991-05-31,11.0
1991-06-01,10.0
1991-06-02,10.0
1991-06-03,10.0
1991-06-04,10.0
1991-06-05,9.4
1991-06-06,8.6
1991-06-07,8.1
1991-06-08,8.1
1991-06-09,8.2
1991-06-10,8.2
1991-06-11,8.0
1991-06-12,7.5
1991-06-13,6.8
1991-06-14,6.2
1991-06-15,5.6
1991-06-16,5.2
1991-06-17,4.8
1991-06-18,4.4
1991-06-19,4.3
1991-06-20,4.1
1991-06-21,3.8
1991-06-22,3.6
1991-06-23,3.5
1991-06-24,3.5
1991-06-25,3.5
1991-06-26,3.5
1991-06-27,3.6
1991-06-28,4.6
1991-06-29,4.3
1991-06-30,3.6
1991-07-01,3.2
1991-07-02,3.0
1991-07-03,2.8
1991-07-04,2.7
1991-07-05,2.5
1991-07-06,2.4
1991-07-07,2.3
1991-07-08,2.3
1991-07-09,2.2
1991-07-10,2.2
1991-07-11,2.2
1991-07-12,2.1
1991-07-13,2.1
1991-07-14,2.0
1991-07-15,1.9
1991-07-16,1.9
1991-07-17,1.9
1991-07-18,1.9
1991-07-19,1.9
1991-07-20,2.4
1991-07-21,2.4
1991-07-22,2.1
1991-07-23,2.1
1991-07-24,1.9
1991-07-25,1.8
1991-07-26,1.8
1991-07-27,1.8
1991-07-28,1.8
1991-07-29,1.9
1991-07-30,1.7
1991-07-31,1.6
1991-08-01,1.6
1991-08-02,1.6
1991-08-03,1.6
1991-08-04,1.7
1991-08-05,1.7
1991-08-06,1.6
1991-08-07,1.6
1991-08-08,1.6
1991-08-09,1.5
1991-08-10,1.5
1991-08-11,1.5
1991-08-12,1.4
1991-08-13,1.5
1991-08-14,2.3
1991-08-15,2.9
1991-08-16,2.1
1991-08-17,1.8
1991-08-18,1.7
1991-08-19,1.6
1991-08-20,1.5
1991-08-21,1.5
1991-08-22,1.4
1991-08-23,1.4
1991-08-24,1.4
1991-08-25,1.3
1991-08-26,1.3
1991-08-27,1.3
1991-08-28,1.4
1991-08-29,1.4
1991-08-30,1.4
1991-08-31,1.3
1991-09-01,1.3
1991-09-02,1.3
1991-09-03,1.3
1991-09-04,1.4
1991-09-05,1.4
1991-09-06,1.3
1991-09-07,1.3
1991-09-08,1.3
1991-09-09,1.7
1991-09-10,2.3
1991-09-11,1.6
1991-09-12,1.5
1991-09-13,1.5
1991-09-14,1.4
1991-09-15,1.4
1991-09-16,1.5
1991-09-17,1.4
1991-09-18,1.4
1991-09-19,1.4
1991-09-20,1.4
1991-09-21,1.4
1991-09-22,1.4
1991-09-23,1.4
1991-09-24,1.4
1991-09-25,1.4
1991-09-26,1.5
1991-09-27,1.5
1991-09-28,1.5
1991-09-29,1.5
1991-09-30,1.5
1991-10-01,1.5
1991-10-02,1.5
1991-10-03,1.4
1991-10-04,1.4
1991-10-05,1.4
1991-10-06,1.4
1991-10-07,1.4
1991-10-08,1.4
1991-10-09,1.4
1991-10-10,1.4
1991-10-11,1.4
1991-10-12,1.5
1991-10-13,1.5
1991-10-14,1.5
1991-10-15,1.5
1991-10-16,1.5
1991-10-17,1.5
1991-10-18,1.5
1991-10-19,1.5
1991-10-20,1.5
1991-10-21,1.5
1991-10-22,1.5
1991-10-23,1.6
1991-10-24,1.6
1991-10-25,2.2
1991-10-26,11.0
1991-10-27,3.1
1991-10-28,2.4
1991-10-29,2.3
1991-10-30,2.1
1991-10-31,2.0
1991-11-01,2.0
1991-11-02,2.0
1991-11-03,2.0
1991-11-04,2.0
1991-11-05,2.0
1991-11-06,2.0
1991-11-07,2.0
1991-11-08,2.0
1991-11-09,2.9
1991-11-10,2.4
1991-11-11,2.2
1991-11-12,2.1
1991-11-13,2.1
1991-11-14,2.1
1991-11-15,2.1
1991-11-16,2.0
1991-11-17,2.1
1991-11-18,2.1
1991-11-19,2.1
1991-11-20,3.2
1991-11-21,3.2
1991-11-22,2.6
1991-11-23,2.4
1991-11-24,2.4
1991-11-25,2.4
1991-11-26,2.4
1991-11-27,3.1
1991-11-28,2.7
1991-11-29,2.4
1991-11-30,2.2
1991-12-01,2.2
1991-12-02,2.2
1991-12-03,2.2
1991-12-04,2.1
1991-12-05,2.1
1991-12-06,2.2
1991-12-07,2.2
1991-12-08,2.2
1991-12-09,2.2
1991-12-10,2.2
1991-12-11,2.2
1991-12-12,2.2
1991-12-13,2.1
1991-12-14,2.1
1991-12-15,2.1
1991-12-16,2.1
1991-12-17,2.2
1991-12-18,2.3
1991-12-19,2.3
1991-12-20,2.3
1991-12-21,2.3
1991-12-22,2.2
1991-12-23,2.2
1991-12-24,2.2
1991-12-25,2.2
1991-12-26,2.2
1991-12-27,2.2
1991-12-28,2.2
1991-12-29,2.3
1991-12-30,2.2
1991-12-31,2.2
1992-01-01,2.2
1992-01-02,2.2
1992-01-03,2.2
1992-01-04,2.2
1992-01-05,2.3
1992-01-06,2.2
1992-01-07,2.2
1992-01-08,2.2
1992-01-09,2.2
1992-01-10,2.2
1992-01-11,2.2
1992-01-12,2.2
1992-01-13,2.2
1992-01-14,2.2
1992-01-15,2.2
1992-01-16,2.2
1992-01-17,2.2
1992-01-18,2.2
1992-01-19,2.2
1992-01-20,2.2
1992-01-21,2.2
1992-01-22,2.2
1992-01-23,2.2
1992-01-24,2.2
1992-01-25,2.2
1992-01-26,2.2
1992-01-27,2.2
1992-01-28,2.2
1992-01-29,2.3
1992-01-30,2.2
1992-01-31,2.2
1992-02-01,2.3
1992-02-02,2.3
1992-02-03,2.3
1992-02-04,2.2
1992-02-05,2.2
1992-02-06,2.2
1992-02-07,2.2
1992-02-08,2.3
1992-02-09,2.4
1992-02-10,2.4
1992-02-11,2.4
1992-02-12,2.4
1992-02-13,2.4
1992-02-14,2.4
1992-02-15,2.5
1992-02-16,2.5
1992-02-17,2.4
1992-02-18,2.4
1992-02-19,4.1
1992-02-20,9.4
1992-02-21,7.5
1992-02-22,7.2
1992-02-23,5.3
1992-02-24,4.4
1992-02-25,4.2
1992-02-26,4.4
1992-02-27,4.5
1992-02-28,4.7
1992-02-29,4.5
1992-03-01,4.4
1992-03-02,4.2
1992-03-03,4.4
1992-03-04,4.5
1992-03-05,4.4
1992-03-06,4.3
1992-03-07,3.9
1992-03-08,3.8
1992-03-09,3.8
1992-03-10,3.8
1992-03-11,4.0
1992-03-12,4.3
1992-03-13,4.8
1992-03-14,5.2
1992-03-15,4.8
1992-03-16,4.3
1992-03-17,4.2
1992-03-18,4.2
1992-03-19,4.2
1992-03-20,4.4
1992-03-21,4.9
1992-03-22,5.3
1992-03-23,5.1
1992-03-24,5.1
1992-03-25,5.6
1992-03-26,6.1
1992-03-27,6.7
1992-03-28,7.5
1992-03-29,8.5
1992-03-30,9.0
1992-03-31,9.9
1992-04-01,10.0
1992-04-02,10.0
1992-04-03,11.0
1992-04-04,11.0
1992-04-05,10.0
1992-04-06,9.3
1992-04-07,9.2
1992-04-08,9.5
1992-04-09,9.5
1992-04-10,9.6
1992-04-11,9.8
1992-04-12,11.0
1992-04-13,12.0
1992-04-14,12.0
1992-04-15,11.0
1992-04-16,9.9
1992-04-17,12.0
1992-04-18,11.0
1992-04-19,10.0
1992-04-20,9.8
1992-04-21,9.7
1992-04-22,8.9
1992-04-23,8.1
1992-04-24,7.8
1992-04-25,7.6
1992-04-26,7.5
1992-04-27,7.1
1992-04-28,6.9
1992-04-29,6.9
1992-04-30,6.3
1992-05-01,5.8
1992-05-02,5.4
1992-05-03,5.1
1992-05-04,4.9
1992-05-05,4.7
1992-05-06,4.6
1992-05-07,4.8
1992-05-08,4.6
1992-05-09,4.3
1992-05-10,3.9
1992-05-11,3.6
1992-05-12,3.6
1992-05-13,3.5
1992-05-14,3.5
1992-05-15,3.2
1992-05-16,3.5
1992-05-17,3.7
1992-05-18,3.1
1992-05-19,3.0
1992-05-20,3.0
1992-05-21,2.8
1992-05-22,2.7
1992-05-23,2.5
1992-05-24,2.4
1992-05-25,2.3
1992-05-26,2.3
1992-05-27,2.3
1992-05-28,2.3
1992-05-29,2.2
1992-05-30,2.2
1992-05-31,2.1
1992-06-01,2.1
1992-06-02,2.0
1992-06-03,1.9
1992-06-04,1.8
1992-06-05,1.8
1992-06-06,1.8
1992-06-07,1.8
1992-06-08,1.7
1992-06-09,1.7
1992-06-10,1.7
1992-06-11,1.7
1992-06-12,1.7
1992-06-13,1.8
1992-06-14,1.9
1992-06-15,2.1
1992-06-16,2.1
1992-06-17,2.0
1992-06-18,2.0
1992-06-19,1.9
1992-06-20,1.7
1992-06-21,1.6
1992-06-22,1.6
1992-06-23,1.5
1992-06-24,1.8
1992-06-25,1.8
1992-06-26,1.6
1992-06-27,1.5
1992-06-28,1.6
1992-06-29,1.9
1992-06-30,2.4
1992-07-01,1.9
1992-07-02,1.8
1992-07-03,1.6
1992-07-04,1.6
1992-07-05,1.5
1992-07-06,1.5
1992-07-07,1.5
1992-07-08,1.5
1992-07-09,1.4
1992-07-10,1.4
1992-07-11,1.4
1992-07-12,1.5
1992-07-13,1.6
1992-07-14,1.5
1992-07-15,1.5
1992-07-16,1.5
1992-07-17,1.5
1992-07-18,1.4
1992-07-19,1.4
1992-07-20,1.3
1992-07-21,1.3
1992-07-22,1.3
1992-07-23,1.3
1992-07-24,1.4
1992-07-25,1.3
1992-07-26,1.2
1992-07-27,1.2
1992-07-28,1.2
1992-07-29,1.2
1992-07-30,1.2
1992-07-31,1.2
1992-08-01,1.2
1992-08-02,1.2
1992-08-03,1.2
1992-08-04,1.2
1992-08-05,1.2
1992-08-06,1.2
1992-08-07,1.2
1992-08-08,1.2
1992-08-09,1.2
1992-08-10,1.2
1992-08-11,1.3
1992-08-12,1.3
1992-08-13,1.2
1992-08-14,1.2
1992-08-15,1.3
1992-08-16,1.3
1992-08-17,1.2
1992-08-18,1.2
1992-08-19,1.2
1992-08-20,1.2
1992-08-21,1.2
1992-08-22,1.2
1992-08-23,1.2
1992-08-24,1.3
1992-08-25,1.2
1992-08-26,1.2
1992-08-27,1.2
1992-08-28,1.2
1992-08-29,1.3
1992-08-30,1.4
1992-08-31,1.4
1992-09-01,1.3
1992-09-02,1.3
1992-09-03,1.3
1992-09-04,1.3
1992-09-05,1.3
1992-09-06,1.3
1992-09-07,1.3
1992-09-08,1.3
1992-09-09,1.3
1992-09-10,1.3
1992-09-11,1.3
1992-09-12,1.3
1992-09-13,1.3
1992-09-14,1.3
1992-09-15,1.3
1992-09-16,1.3
1992-09-17,1.3
1992-09-18,1.4
1992-09-19,1.3
1992-09-20,1.3
1992-09-21,1.3
1992-09-22,1.3
1992-09-23,1.3
1992-09-24,1.3
1992-09-25,1.3
1992-09-26,1.3
1992-09-27,1.3
1992-09-28,1.3
1992-09-29,1.3
1992-09-30,1.3
1992-10-01,1.3
1992-10-02,1.4
1992-10-03,1.4
1992-10-04,1.4
1992-10-05,1.4
1992-10-06,1.4
1992-10-07,1.4
1992-10-08,1.3
1992-10-09,1.3
1992-10-10,1.3
1992-10-11,1.4
1992-10-12,1.3
1992-10-13,1.4
1992-10-14,1.5
1992-10-15,1.5
1992-10-16,1.4
1992-10-17,1.4
1992-10-18,1.4
1992-10-19,1.4
1992-10-20,1.4
1992-10-21,1.7
1992-10-22,1.5
1992-10-23,1.5
1992-10-24,1.5
1992-10-25,1.5
1992-10-26,1.5
1992-10-27,1.5
1992-10-28,2.0
1992-10-29,4.1
1992-10-30,6.4
1992-10-31,2.8
1992-11-01,2.4
1992-11-02,2.2
1992-11-03,2.1
1992-11-04,1.9
1992-11-05,1.9
1992-11-06,1.8
1992-11-07,1.8
1992-11-08,1.8
1992-11-09,1.7
1992-11-10,1.7
1992-11-11,1.7
1992-11-12,1.7
1992-11-13,1.8
1992-11-14,1.8
1992-11-15,1.8
1992-11-16,1.8
1992-11-17,1.8
1992-11-18,1.8
1992-11-19,1.8
1992-11-20,1.7
1992-11-21,1.7
1992-11-22,1.9
1992-11-23,1.8
1992-11-24,1.7
1992-11-25,1.8
1992-11-26,1.8
1992-11-27,1.9
1992-11-28,1.8
1992-11-29,1.7
1992-11-30,1.7
1992-12-01,1.8
1992-12-02,1.9
1992-12-03,1.9
1992-12-04,1.7
1992-12-05,2.0
1992-12-06,1.8
1992-12-07,1.9
1992-12-08,1.8
1992-12-09,2.5
1992-12-10,3.8
1992-12-11,3.7
1992-12-12,2.9
1992-12-13,2.6
1992-12-14,2.5
1992-12-15,2.3
1992-12-16,2.3
1992-12-17,2.3
1992-12-18,2.3
1992-12-19,2.2
1992-12-20,2.2
1992-12-21,2.2
1992-12-22,2.1
1992-12-23,2.1
1992-12-24,2.1
1992-12-25,2.1
1992-12-26,2.0
1992-12-27,2.1
1992-12-28,2.1
1992-12-29,2.5
1992-12-30,2.5
1992-12-31,2.6
1993-01-01,2.5
1993-01-02,2.4
1993-01-03,2.6
1993-01-04,2.3
1993-01-05,2.2
1993-01-06,2.2
1993-01-07,2.3
1993-01-08,2.2
1993-01-09,2.2
1993-01-10,2.2
1993-01-11,2.2
1993-01-12,2.2
1993-01-13,2.5
1993-01-14,2.7
1993-01-15,2.4
1993-01-16,2.4
1993-01-17,2.3
1993-01-18,2.3
1993-01-19,2.2
1993-01-20,3.6
1993-01-21,6.2
1993-01-22,9.6
1993-01-23,7.2
1993-01-24,4.4
1993-01-25,3.6
1993-01-26,3.3
1993-01-27,3.0
1993-01-28,2.9
1993-01-29,2.9
1993-01-30,2.8
1993-01-31,2.8
1993-02-01,2.8
1993-02-02,2.8
1993-02-03,2.8
1993-02-04,2.8
1993-02-05,2.8
1993-02-06,2.8
1993-02-07,2.8
1993-02-08,2.7
1993-02-09,2.7
1993-02-10,2.7
1993-02-11,2.7
1993-02-12,2.7
1993-02-13,2.7
1993-02-14,2.6
1993-02-15,2.6
1993-02-16,2.7
1993-02-17,2.7
1993-02-18,2.7
1993-02-19,3.0
1993-02-20,2.8
1993-02-21,2.7
1993-02-22,2.6
1993-02-23,2.6
1993-02-24,2.5
1993-02-25,2.5
1993-02-26,2.4
1993-02-27,2.4
1993-02-28,2.4
1993-03-01,2.4
1993-03-02,2.5
1993-03-03,2.8
1993-03-04,2.8
1993-03-05,2.9
1993-03-06,3.1
1993-03-07,3.4
1993-03-08,3.8
1993-03-09,4.3
1993-03-10,4.6
1993-03-11,5.0
1993-03-12,5.2
1993-03-13,6.1
1993-03-14,7.9
1993-03-15,8.4
1993-03-16,8.2
1993-03-17,26.0
1993-03-18,22.0
1993-03-19,15.0
1993-03-20,14.0
1993-03-21,15.0
1993-03-22,16.0
1993-03-23,22.0
1993-03-24,25.0
1993-03-25,18.0
1993-03-26,15.0
1993-03-27,13.0
1993-03-28,12.0
1993-03-29,13.0
1993-03-30,14.0
1993-03-31,16.0
1993-04-01,18.0
1993-04-02,15.0
1993-04-03,18.0
1993-04-04,21.0
1993-04-05,17.0
1993-04-06,16.0
1993-04-07,17.0
1993-04-08,22.0
1993-04-09,39.0
1993-04-10,32.0
1993-04-11,29.0
1993-04-12,26.0
1993-04-13,25.0
1993-04-14,27.0
1993-04-15,32.0
1993-04-16,32.0
1993-04-17,30.0
1993-04-18,26.0
1993-04-19,25.0
1993-04-20,30.0
1993-04-21,37.0
1993-04-22,40.0
1993-04-23,36.0
1993-04-24,34.0
1993-04-25,38.0
1993-04-26,43.0
1993-04-27,46.0
1993-04-28,51.0
1993-04-29,60.0
1993-04-30,68.0
1993-05-01,68.0
1993-05-02,78.0
1993-05-03,86.0
1993-05-04,71.0
1993-05-05,70.0
1993-05-06,83.0
1993-05-07,81.0
1993-05-08,76.0
1993-05-09,77.0
1993-05-10,89.0
1993-05-11,100.0
1993-05-12,90.0
1993-05-13,77.0
1993-05-14,77.0
1993-05-15,77.0
1993-05-16,82.0
1993-05-17,86.0
1993-05-18,90.0
1993-05-19,95.0
1993-05-20,99.0
1993-05-21,89.0
1993-05-22,80.0
1993-05-23,78.0
1993-05-24,78.0
1993-05-25,89.0
1993-05-26,78.0
1993-05-27,69.0
1993-05-28,61.0
1993-05-29,55.0
1993-05-30,52.0
1993-05-31,86.0
1993-06-01,61.0
1993-06-02,52.0
1993-06-03,47.0
1993-06-04,51.0
1993-06-05,50.0
1993-06-06,41.0
1993-06-07,37.0
1993-06-08,35.0
1993-06-09,33.0
1993-06-10,33.0
1993-06-11,31.0
1993-06-12,30.0
1993-06-13,29.0
1993-06-14,29.0
1993-06-15,29.0
1993-06-16,29.0
1993-06-17,28.0
1993-06-18,27.0
1993-06-19,27.0
1993-06-20,28.0
1993-06-21,27.0
1993-06-22,24.0
1993-06-23,22.0
1993-06-24,20.0
1993-06-25,19.0
1993-06-26,19.0
1993-06-27,18.0
1993-06-28,17.0
1993-06-29,16.0
1993-06-30,15.0
1993-07-01,14.0
1993-07-02,14.0
1993-07-03,13.0
1993-07-04,12.0
1993-07-05,11.0
1993-07-06,11.0
1993-07-07,10.0
1993-07-08,9.8
1993-07-09,9.2
1993-07-10,8.7
1993-07-11,8.1
1993-07-12,7.7
1993-07-13,7.4
1993-07-14,7.0
1993-07-15,6.9
1993-07-16,6.7
1993-07-17,6.3
1993-07-18,5.8
1993-07-19,5.5
1993-07-20,5.4
1993-07-21,5.4
1993-07-22,5.4
1993-07-23,5.4
1993-07-24,5.3
1993-07-25,4.7
1993-07-26,4.5
1993-07-27,4.2
1993-07-28,4.0
1993-07-29,3.8
1993-07-30,3.6
1993-07-31,3.5
1993-08-01,3.4
1993-08-02,3.3
1993-08-03,3.2
1993-08-04,3.1
1993-08-05,2.9
1993-08-06,2.8
1993-08-07,2.8
1993-08-08,2.7
1993-08-09,2.6
1993-08-10,2.6
1993-08-11,2.6
1993-08-12,2.6
1993-08-13,2.6
1993-08-14,2.6
1993-08-15,2.6
1993-08-16,3.1
1993-08-17,2.6
1993-08-18,2.5
1993-08-19,2.4
1993-08-20,2.4
1993-08-21,2.4
1993-08-22,2.2
1993-08-23,2.1
1993-08-24,2.1
1993-08-25,2.1
1993-08-26,2.0
1993-08-27,2.0
1993-08-28,2.0
1993-08-29,2.0
1993-08-30,1.9
1993-08-31,1.9
1993-09-01,1.9
1993-09-02,1.9
1993-09-03,1.9
1993-09-04,1.8
1993-09-05,1.8
1993-09-06,1.8
1993-09-07,1.8
1993-09-08,1.8
1993-09-09,1.7
1993-09-10,1.7
1993-09-11,1.7
1993-09-12,1.7
1993-09-13,1.7
1993-09-14,1.7
1993-09-15,1.7
1993-09-16,1.8
1993-09-17,1.8
1993-09-18,1.9
1993-09-19,1.8
1993-09-20,1.7
1993-09-21,1.7
1993-09-22,1.8
1993-09-23,1.8
1993-09-24,1.8
1993-09-25,1.8
1993-09-26,1.7
1993-09-27,1.7
1993-09-28,1.7
1993-09-29,1.7
1993-09-30,1.7
1993-10-01,1.6
1993-10-02,1.6
1993-10-03,1.6
1993-10-04,1.6
1993-10-05,2.9
1993-10-06,2.8
1993-10-07,2.2
1993-10-08,2.0
1993-10-09,2.0
1993-10-10,2.0
1993-10-11,2.0
1993-10-12,2.0
1993-10-13,2.0
1993-10-14,2.5
1993-10-15,3.8
1993-10-16,3.0
1993-10-17,2.6
1993-10-18,2.4
1993-10-19,2.3
1993-10-20,2.2
1993-10-21,2.2
1993-10-22,2.2
1993-10-23,2.1
1993-10-24,2.1
1993-10-25,2.0
1993-10-26,2.0
1993-10-27,2.0
1993-10-28,2.0
1993-10-29,2.0
1993-10-30,2.1
1993-10-31,2.1
1993-11-01,2.1
1993-11-02,2.1
1993-11-03,2.1
1993-11-04,2.2
1993-11-05,2.2
1993-11-06,2.1
1993-11-07,2.2
1993-11-08,2.2
1993-11-09,2.2
1993-11-10,2.2
1993-11-11,2.2
1993-11-12,2.4
1993-11-13,2.4
1993-11-14,2.3
1993-11-15,2.2
1993-11-16,2.2
1993-11-17,2.3
1993-11-18,2.3
1993-11-19,2.2
1993-11-20,2.2
1993-11-21,2.3
1993-11-22,2.3
1993-11-23,2.4
1993-11-24,2.2
1993-11-25,2.2
1993-11-26,2.1
1993-11-27,2.2
1993-11-28,2.5
1993-11-29,3.2
1993-11-30,3.3
1993-12-01,2.8
1993-12-02,2.7
1993-12-03,2.6
1993-12-04,2.5
1993-12-05,2.5
1993-12-06,2.5
1993-12-07,2.4
1993-12-08,2.6
1993-12-09,2.9
1993-12-10,2.8
1993-12-11,2.8
1993-12-12,2.8
1993-12-13,2.8
1993-12-14,2.8
1993-12-15,2.7
1993-12-16,2.6
1993-12-17,2.6
1993-12-18,2.6
1993-12-19,2.5
1993-12-20,2.5
1993-12-21,2.5
1993-12-22,2.5
1993-12-23,2.4
1993-12-24,2.4
1993-12-25,2.4
1993-12-26,2.4
1993-12-27,2.4
1993-12-28,2.4
1993-12-29,2.4
1993-12-30,2.4
1993-12-31,2.4
1994-01-01,2.4
1994-01-02,2.4
1994-01-03,2.4
1994-01-04,2.9
1994-01-05,2.8
1994-01-06,2.8
1994-01-07,2.7
1994-01-08,2.7
1994-01-09,2.7
1994-01-10,2.7
1994-01-11,2.7
1994-01-12,2.6
1994-01-13,2.5
1994-01-14,2.5
1994-01-15,2.5
1994-01-16,2.5
1994-01-17,2.5
1994-01-18,2.5
1994-01-19,2.6
1994-01-20,2.5
1994-01-21,2.6
1994-01-22,2.7
1994-01-23,2.7
1994-01-24,2.7
1994-01-25,2.7
1994-01-26,2.7
1994-01-27,2.6
1994-01-28,2.6
1994-01-29,2.5
1994-01-30,2.5
1994-01-31,2.5
1994-02-01,2.5
1994-02-02,2.5
1994-02-03,2.5
1994-02-04,2.5
1994-02-05,2.4
1994-02-06,2.4
1994-02-07,2.5
1994-02-08,2.4
1994-02-09,2.4
1994-02-10,2.4
1994-02-11,2.4
1994-02-12,2.4
1994-02-13,2.4
1994-02-14,2.4
1994-02-15,2.4
1994-02-16,2.4
1994-02-17,2.5
1994-02-18,2.5
1994-02-19,2.5
1994-02-20,2.5
1994-02-21,2.5
1994-02-22,2.4
1994-02-23,2.5
1994-02-24,2.7
1994-02-25,2.9
1994-02-26,3.0
1994-02-27,3.0
1994-02-28,3.2
1994-03-01,3.3
1994-03-02,3.5
1994-03-03,3.6
1994-03-04,3.6
1994-03-05,5.0
1994-03-06,5.0
1994-03-07,4.3
1994-03-08,4.3
1994-03-09,4.6
1994-03-10,4.8
1994-03-11,4.8
1994-03-12,4.3
1994-03-13,4.6
1994-03-14,5.4
1994-03-15,6.2
1994-03-16,6.9
1994-03-17,6.2
1994-03-18,5.6
1994-03-19,5.4
1994-03-20,5.6
1994-03-21,5.8
1994-03-22,5.4
1994-03-23,4.8
1994-03-24,4.3
1994-03-25,4.1
1994-03-26,4.4
1994-03-27,5.2
1994-03-28,6.2
1994-03-29,6.9
1994-03-30,8.7
1994-03-31,8.7
1994-04-01,8.5
1994-04-02,9.3
1994-04-03,9.9
1994-04-04,8.7
1994-04-05,8.5
1994-04-06,7.3
1994-04-07,7.3
1994-04-08,7.0
1994-04-09,6.8
1994-04-10,6.8
1994-04-11,7.4
1994-04-12,8.8
1994-04-13,9.7
1994-04-14,11.0
1994-04-15,12.0
1994-04-16,13.0
1994-04-17,15.0
1994-04-18,15.0
1994-04-19,16.0
1994-04-20,14.0
1994-04-21,12.0
1994-04-22,11.0
1994-04-23,10.0
1994-04-24,8.9
1994-04-25,9.3
1994-04-26,8.6
1994-04-27,8.3
1994-04-28,7.5
1994-04-29,7.3
1994-04-30,7.2
1994-05-01,7.2
1994-05-02,7.0
1994-05-03,7.1
1994-05-04,7.3
1994-05-05,7.6
1994-05-06,11.0
1994-05-07,12.0
1994-05-08,9.5
1994-05-09,9.0
1994-05-10,8.0
1994-05-11,7.7
1994-05-12,7.3
1994-05-13,6.7
1994-05-14,6.2
1994-05-15,5.9
1994-05-16,5.4
1994-05-17,5.4
1994-05-18,5.4
1994-05-19,5.3
1994-05-20,4.9
1994-05-21,4.7
1994-05-22,4.3
1994-05-23,4.0
1994-05-24,3.9
1994-05-25,4.0
1994-05-26,3.9
1994-05-27,3.7
1994-05-28,3.4
1994-05-29,3.2
1994-05-30,3.1
1994-05-31,3.6
1994-06-01,3.2
1994-06-02,2.9
1994-06-03,2.8
1994-06-04,2.7
1994-06-05,2.5
1994-06-06,2.6
1994-06-07,2.6
1994-06-08,2.5
1994-06-09,2.4
1994-06-10,2.3
1994-06-11,2.2
1994-06-12,2.1
1994-06-13,2.1
1994-06-14,2.1
1994-06-15,2.0
1994-06-16,2.0
1994-06-17,1.9
1994-06-18,1.9
1994-06-19,1.9
1994-06-20,1.8
1994-06-21,1.8
1994-06-22,1.8
1994-06-23,1.7
1994-06-24,1.7
1994-06-25,1.7
1994-06-26,1.6
1994-06-27,1.6
1994-06-28,1.6
1994-06-29,1.5
1994-06-30,1.5
1994-07-01,1.4
1994-07-02,1.5
1994-07-03,1.5
1994-07-04,1.4
1994-07-05,1.5
1994-07-06,1.5
1994-07-07,1.5
1994-07-08,1.4
1994-07-09,1.4
1994-07-10,1.4
1994-07-11,1.4
1994-07-12,1.4
1994-07-13,1.4
1994-07-14,1.4
1994-07-15,1.3
1994-07-16,1.4
1994-07-17,1.4
1994-07-18,1.3
1994-07-19,1.3
1994-07-20,1.3
1994-07-21,1.3
1994-07-22,1.3
1994-07-23,1.3
1994-07-24,1.3
1994-07-25,1.3
1994-07-26,1.3
1994-07-27,1.3
1994-07-28,1.3
1994-07-29,1.3
1994-07-30,1.3
1994-07-31,1.2
1994-08-01,1.2
1994-08-02,1.2
1994-08-03,1.2
1994-08-04,1.2
1994-08-05,1.2
1994-08-06,1.2
1994-08-07,1.2
1994-08-08,1.2
1994-08-09,1.2
1994-08-10,1.2
1994-08-11,1.2
1994-08-12,1.2
1994-08-13,1.2
1994-08-14,1.2
1994-08-15,1.2
1994-08-16,1.2
1994-08-17,1.2
1994-08-18,1.2
1994-08-19,1.2
1994-08-20,1.2
1994-08-21,1.2
1994-08-22,1.2
1994-08-23,1.2
1994-08-24,1.2
1994-08-25,1.2
1994-08-26,1.2
1994-08-27,1.2
1994-08-28,1.2
1994-08-29,1.2
1994-08-30,1.2
1994-08-31,1.2
1994-09-01,1.2
1994-09-02,1.2
1994-09-03,1.3
1994-09-04,1.3
1994-09-05,1.3
1994-09-06,1.2
1994-09-07,1.2
1994-09-08,1.2
1994-09-09,1.2
1994-09-10,1.3
1994-09-11,1.3
1994-09-12,1.5
1994-09-13,1.5
1994-09-14,1.4
1994-09-15,1.4
1994-09-16,1.4
1994-09-17,1.4
1994-09-18,1.4
1994-09-19,1.3
1994-09-20,1.3
1994-09-21,1.3
1994-09-22,1.3
1994-09-23,1.3
1994-09-24,1.3
1994-09-25,1.3
1994-09-26,1.3
1994-09-27,1.2
1994-09-28,1.4
1994-09-29,1.5
1994-09-30,1.4
1994-10-01,1.3
1994-10-02,1.3
1994-10-03,1.3
1994-10-04,1.6
1994-10-05,1.7
1994-10-06,1.6
1994-10-07,1.5
1994-10-08,1.4
1994-10-09,1.4
1994-10-10,1.4
1994-10-11,1.4
1994-10-12,1.4
1994-10-13,1.4
1994-10-14,1.4
1994-10-15,1.5
1994-10-16,1.5
1994-10-17,1.5
1994-10-18,1.5
1994-10-19,1.5
1994-10-20,1.4
1994-10-21,1.4
1994-10-22,1.5
1994-10-23,1.5
1994-10-24,1.5
1994-10-25,1.5
1994-10-26,1.5
1994-10-27,1.5
1994-10-28,1.4
1994-10-29,1.5
1994-10-30,1.5
1994-10-31,1.5
1994-11-01,2.0
1994-11-02,1.8
1994-11-03,1.6
1994-11-04,1.6
1994-11-05,4.9
1994-11-06,7.3
1994-11-07,3.1
1994-11-08,2.4
1994-11-09,2.3
1994-11-10,2.2
1994-11-11,2.1
1994-11-12,2.1
1994-11-13,1.9
1994-11-14,1.9
1994-11-15,1.9
1994-11-16,1.9
1994-11-17,1.9
1994-11-18,1.9
1994-11-19,2.0
1994-11-20,1.9
1994-11-21,1.9
1994-11-22,1.9
1994-11-23,1.9
1994-11-24,1.9
1994-11-25,2.0
1994-11-26,2.0
1994-11-27,2.0
1994-11-28,2.0
1994-11-29,2.0
1994-11-30,2.0
1994-12-01,2.0
1994-12-02,2.1
1994-12-03,2.9
1994-12-04,3.3
1994-12-05,2.9
1994-12-06,2.6
1994-12-07,2.3
1994-12-08,2.5
1994-12-09,2.2
1994-12-10,2.2
1994-12-11,2.2
1994-12-12,2.2
1994-12-13,2.1
1994-12-14,2.1
1994-12-15,2.1
1994-12-16,2.1
1994-12-17,2.1
1994-12-18,2.2
1994-12-19,2.1
1994-12-20,2.1
1994-12-21,2.1
1994-12-22,2.1
1994-12-23,2.1
1994-12-24,2.1
1994-12-25,2.1
1994-12-26,2.1
1994-12-27,2.1
1994-12-28,2.1
1994-12-29,2.1
1994-12-30,2.1
1994-12-31,2.1
1995-01-01,2.1
1995-01-02,2.1
1995-01-03,2.1
1995-01-04,2.1
1995-01-05,2.1
1995-01-06,2.2
1995-01-07,4.1
1995-01-08,3.4
1995-01-09,8.8
1995-01-10,21.0
1995-01-11,12.0
1995-01-12,7.2
1995-01-13,21.0
1995-01-14,44.0
1995-01-15,18.0
1995-01-16,11.0
1995-01-17,8.2
1995-01-18,6.9
1995-01-19,6.1
1995-01-20,5.6
1995-01-21,5.2
1995-01-22,4.8
1995-01-23,4.6
1995-01-24,4.3
1995-01-25,4.2
1995-01-26,4.0
1995-01-27,3.8
1995-01-28,3.8
1995-01-29,3.8
1995-01-30,4.1
1995-01-31,6.2
1995-02-01,8.7
1995-02-02,8.4
1995-02-03,7.1
1995-02-04,6.7
1995-02-05,6.6
1995-02-06,6.5
1995-02-07,6.3
1995-02-08,6.1
1995-02-09,5.9
1995-02-10,5.8
1995-02-11,5.7
1995-02-12,5.6
1995-02-13,5.4
1995-02-14,5.3
1995-02-15,5.0
1995-02-16,4.7
1995-02-17,4.7
1995-02-18,4.7
1995-02-19,4.8
1995-02-20,5.0
1995-02-21,5.3
1995-02-22,5.7
1995-02-23,6.1
1995-02-24,6.6
1995-02-25,7.2
1995-02-26,7.4
1995-02-27,7.3
1995-02-28,7.4
1995-03-01,7.7
1995-03-02,8.3
1995-03-03,8.8
1995-03-04,7.7
1995-03-05,7.2
1995-03-06,6.8
1995-03-07,6.6
1995-03-08,6.5
1995-03-09,73.0
1995-03-10,92.0
1995-03-11,58.0
1995-03-12,36.0
1995-03-13,32.0
1995-03-14,35.0
1995-03-15,38.0
1995-03-16,34.0
1995-03-17,31.0
1995-03-18,46.0
1995-03-19,39.0
1995-03-20,40.0
1995-03-21,34.0
1995-03-22,26.0
1995-03-23,24.0
1995-03-24,21.0
1995-03-25,19.0
1995-03-26,18.0
1995-03-27,16.0
1995-03-28,15.0
1995-03-29,14.0
1995-03-30,14.0
1995-03-31,14.0
1995-04-01,14.0
1995-04-02,14.0
1995-04-03,15.0
1995-04-04,17.0
1995-04-05,20.0
1995-04-06,23.0
1995-04-07,27.0
1995-04-08,27.0
1995-04-09,22.0
1995-04-10,21.0
1995-04-11,25.0
1995-04-12,30.0
1995-04-13,36.0
1995-04-14,29.0
1995-04-15,26.0
1995-04-16,23.0
1995-04-17,21.0
1995-04-18,19.0
1995-04-19,18.0
1995-04-20,17.0
1995-04-21,16.0
1995-04-22,16.0
1995-04-23,19.0
1995-04-24,26.0
1995-04-25,33.0
1995-04-26,36.0
1995-04-27,41.0
1995-04-28,43.0
1995-04-29,70.0
1995-04-30,75.0
1995-05-01,175.0
1995-05-02,119.0
1995-05-03,95.0
1995-05-04,89.0
1995-05-05,76.0
1995-05-06,66.0
1995-05-07,63.0
1995-05-08,64.0
1995-05-09,64.0
1995-05-10,69.0
1995-05-11,70.0
1995-05-12,62.0
1995-05-13,55.0
1995-05-14,52.0
1995-05-15,51.0
1995-05-16,51.0
1995-05-17,63.0
1995-05-18,77.0
1995-05-19,88.0
1995-05-20,97.0
1995-05-21,100.0
1995-05-22,108.0
1995-05-23,112.0
1995-05-24,103.0
1995-05-25,99.0
1995-05-26,106.0
1995-05-27,111.0
1995-05-28,108.0
1995-05-29,112.0
1995-05-30,119.0
1995-05-31,125.0
1995-06-01,125.0
1995-06-02,122.0
1995-06-03,121.0
1995-06-04,123.0
1995-06-05,111.0
1995-06-06,94.0
1995-06-07,82.0
1995-06-08,73.0
1995-06-09,73.0
1995-06-10,77.0
1995-06-11,81.0
1995-06-12,81.0
1995-06-13,79.0
1995-06-14,83.0
1995-06-15,89.0
1995-06-16,74.0
1995-06-17,65.0
1995-06-18,68.0
1995-06-19,62.0
1995-06-20,57.0
1995-06-21,55.0
1995-06-22,54.0
1995-06-23,54.0
1995-06-24,57.0
1995-06-25,60.0
1995-06-26,63.0
1995-06-27,63.0
1995-06-28,61.0
1995-06-29,59.0
1995-06-30,56.0
1995-07-01,54.0
1995-07-02,51.0
1995-07-03,50.0
1995-07-04,46.0
1995-07-05,44.0
1995-07-06,43.0
1995-07-07,41.0
1995-07-08,40.0
1995-07-09,38.0
1995-07-10,36.0
1995-07-11,33.0
1995-07-12,31.0
1995-07-13,28.0
1995-07-14,25.0
1995-07-15,24.0
1995-07-16,23.0
1995-07-17,23.0
1995-07-18,26.0
1995-07-19,24.0
1995-07-20,21.0
1995-07-21,19.0
1995-07-22,16.0
1995-07-23,15.0
1995-07-24,14.0
1995-07-25,13.0
1995-07-26,12.0
1995-07-27,12.0
1995-07-28,11.0
1995-07-29,11.0
1995-07-30,10.0
1995-07-31,9.7
1995-08-01,9.1
1995-08-02,8.7
1995-08-03,8.4
1995-08-04,8.0
1995-08-05,7.6
1995-08-06,7.3
1995-08-07,7.1
1995-08-08,6.8
1995-08-09,6.5
1995-08-10,6.1
1995-08-11,5.9
1995-08-12,5.7
1995-08-13,5.5
1995-08-14,5.3
1995-08-15,5.1
1995-08-16,5.0
1995-08-17,4.8
1995-08-18,4.7
1995-08-19,4.5
1995-08-20,4.4
1995-08-21,4.3
1995-08-22,4.3
1995-08-23,4.1
1995-08-24,3.9
1995-08-25,3.7
1995-08-26,3.6
1995-08-27,3.5
1995-08-28,3.4
1995-08-29,3.3
1995-08-30,3.2
1995-08-31,3.1
1995-09-01,3.1
1995-09-02,3.0
1995-09-03,3.0
1995-09-04,2.9
1995-09-05,2.9
1995-09-06,2.8
1995-09-07,2.8
1995-09-08,2.8
1995-09-09,2.8
1995-09-10,2.8
1995-09-11,2.7
1995-09-12,2.6
1995-09-13,2.5
1995-09-14,2.5
1995-09-15,2.5
1995-09-16,2.4
1995-09-17,2.5
1995-09-18,2.6
1995-09-19,2.7
1995-09-20,2.6
1995-09-21,2.6
1995-09-22,2.7
1995-09-23,2.6
1995-09-24,2.6
1995-09-25,2.7
1995-09-26,2.7
1995-09-27,2.7
1995-09-28,2.7
1995-09-29,2.7
1995-09-30,2.7
1995-10-01,2.8
1995-10-02,2.8
1995-10-03,2.8
1995-10-04,2.8
1995-10-05,2.9
1995-10-06,2.8
1995-10-07,2.8
1995-10-08,2.8
1995-10-09,2.9
1995-10-10,2.9
1995-10-11,2.9
1995-10-12,2.9
1995-10-13,3.0
1995-10-14,3.0
1995-10-15,2.9
1995-10-16,3.0
1995-10-17,3.0
1995-10-18,3.0
1995-10-19,3.0
1995-10-20,3.0
1995-10-21,2.9
1995-10-22,3.0
1995-10-23,3.0
1995-10-24,3.0
1995-10-25,3.1
1995-10-26,3.1
1995-10-27,3.1
1995-10-28,3.1
1995-10-29,3.0
1995-10-30,3.1
1995-10-31,3.1
1995-11-01,3.1
1995-11-02,3.1
1995-11-03,3.2
1995-11-04,3.2
1995-11-05,3.2
1995-11-06,3.2
1995-11-07,3.2
1995-11-08,3.2
1995-11-09,3.2
1995-11-10,3.2
1995-11-11,3.2
1995-11-12,3.2
1995-11-13,3.3
1995-11-14,3.3
1995-11-15,3.3
1995-11-16,3.3
1995-11-17,3.1
1995-11-18,3.1
1995-11-19,3.2
1995-11-20,3.2
1995-11-21,3.1
1995-11-22,3.1
1995-11-23,3.1
1995-11-24,3.1
1995-11-25,4.1
1995-11-26,5.3
1995-11-27,3.6
1995-11-28,3.6
1995-11-29,3.5
1995-11-30,3.5
1995-12-01,4.2
1995-12-02,4.6
1995-12-03,3.8
1995-12-04,5.3
1995-12-05,4.4
1995-12-06,3.9
1995-12-07,3.7
1995-12-08,3.6
1995-12-09,3.5
1995-12-10,3.5
1995-12-11,11.0
1995-12-12,71.0
1995-12-13,14.0
1995-12-14,8.5
1995-12-15,6.9
1995-12-16,6.1
1995-12-17,5.3
1995-12-18,5.0
1995-12-19,4.7
1995-12-20,4.4
1995-12-21,4.2
1995-12-22,4.3
1995-12-23,4.1
1995-12-24,4.1
1995-12-25,3.9
1995-12-26,3.8
1995-12-27,3.8
1995-12-28,3.8
1995-12-29,3.9
1995-12-30,6.3
1995-12-31,7.2
1996-01-01,5.4
1996-01-02,4.9
1996-01-03,5.0
1996-01-04,4.7
1996-01-05,4.5
1996-01-06,4.4
1996-01-07,4.3
1996-01-08,4.2
1996-01-09,4.3
1996-01-10,4.3
1996-01-11,4.0
1996-01-12,3.9
1996-01-13,3.9
1996-01-14,3.8
1996-01-15,4.9
1996-01-16,13.0
1996-01-17,9.5
1996-01-18,6.9
1996-01-19,6.3
1996-01-20,5.9
1996-01-21,5.8
1996-01-22,5.3
1996-01-23,5.3
1996-01-24,4.6
1996-01-25,5.3
1996-01-26,5.0
1996-01-27,4.6
1996-01-28,4.7
1996-01-29,4.5
1996-01-30,4.5
1996-01-31,4.5
1996-02-01,4.4
1996-02-02,4.3
1996-02-03,4.3
1996-02-04,31.0
1996-02-05,61.0
1996-02-06,33.0
1996-02-07,23.0
1996-02-08,20.0
1996-02-09,18.0
1996-02-10,17.0
1996-02-11,16.0
1996-02-12,15.0
1996-02-13,14.0
1996-02-14,14.0
1996-02-15,14.0
1996-02-16,19.0
1996-02-17,28.0
1996-02-18,23.0
1996-02-19,23.0
1996-02-20,20.0
1996-02-21,16.0
1996-02-22,14.0
1996-02-23,14.0
1996-02-24,13.0
1996-02-25,12.0
1996-02-26,12.0
1996-02-27,11.0
1996-02-28,11.0
1996-02-29,10.0
1996-03-01,9.7
1996-03-02,9.7
1996-03-03,10.0
1996-03-04,10.0
1996-03-05,9.3
1996-03-06,9.0
1996-03-07,8.7
1996-03-08,9.0
1996-03-09,9.5
1996-03-10,9.9
1996-03-11,10.0
1996-03-12,9.7
1996-03-13,9.1
1996-03-14,9.0
1996-03-15,9.6
1996-03-16,10.0
1996-03-17,11.0
1996-03-18,13.0
1996-03-19,15.0
1996-03-20,17.0
1996-03-21,19.0
1996-03-22,19.0
1996-03-23,16.0
1996-03-24,15.0
1996-03-25,14.0
1996-03-26,14.0
1996-03-27,16.0
1996-03-28,18.0
1996-03-29,16.0
1996-03-30,16.0
1996-03-31,17.0
1996-04-01,25.0
1996-04-02,25.0
1996-04-03,22.0
1996-04-04,22.0
1996-04-05,25.0
1996-04-06,29.0
1996-04-07,34.0
1996-04-08,38.0
1996-04-09,46.0
1996-04-10,43.0
1996-04-11,42.0
1996-04-12,39.0
1996-04-13,36.0
1996-04-14,39.0
1996-04-15,45.0
1996-04-16,60.0
1996-04-17,43.0
1996-04-18,37.0
1996-04-19,33.0
1996-04-20,30.0
1996-04-21,28.0
1996-04-22,28.0
1996-04-23,35.0
1996-04-24,50.0
1996-04-25,54.0
1996-04-26,58.0
1996-04-27,59.0
1996-04-28,55.0
1996-04-29,57.0
1996-04-30,64.0
1996-05-01,69.0
1996-05-02,72.0
1996-05-03,69.0
1996-05-04,64.0
1996-05-05,62.0
1996-05-06,61.0
1996-05-07,60.0
1996-05-08,57.0
1996-05-09,55.0
1996-05-10,54.0
1996-05-11,57.0
1996-05-12,61.0
1996-05-13,66.0
1996-05-14,75.0
1996-05-15,106.0
1996-05-16,263.0
1996-05-17,245.0
1996-05-18,241.0
1996-05-19,152.0
1996-05-20,120.0
1996-05-21,106.0
1996-05-22,91.0
1996-05-23,76.0
1996-05-24,67.0
1996-05-25,61.0
1996-05-26,57.0
1996-05-27,55.0
1996-05-28,50.0
1996-05-29,47.0
1996-05-30,44.0
1996-05-31,42.0
1996-06-01,40.0
1996-06-02,39.0
1996-06-03,38.0
1996-06-04,38.0
1996-06-05,38.0
1996-06-06,37.0
1996-06-07,36.0
1996-06-08,35.0
1996-06-09,33.0
1996-06-10,30.0
1996-06-11,28.0
1996-06-12,27.0
1996-06-13,26.0
1996-06-14,24.0
1996-06-15,22.0
1996-06-16,21.0
1996-06-17,19.0
1996-06-18,18.0
1996-06-19,17.0
1996-06-20,16.0
1996-06-21,15.0
1996-06-22,14.0
1996-06-23,13.0
1996-06-24,13.0
1996-06-25,14.0
1996-06-26,15.0
1996-06-27,14.0
1996-06-28,13.0
1996-06-29,12.0
1996-06-30,11.0
1996-07-01,10.0
1996-07-02,9.4
1996-07-03,8.9
1996-07-04,8.6
1996-07-05,8.2
1996-07-06,7.8
1996-07-07,7.5
1996-07-08,7.3
1996-07-09,7.0
1996-07-10,6.7
1996-07-11,6.6
1996-07-12,6.7
1996-07-13,9.0
1996-07-14,7.7
1996-07-15,6.8
1996-07-16,6.3
1996-07-17,6.0
1996-07-18,5.7
1996-07-19,5.6
1996-07-20,5.4
1996-07-21,5.1
1996-07-22,4.9
1996-07-23,4.6
1996-07-24,4.6
1996-07-25,4.4
1996-07-26,4.4
1996-07-27,4.2
1996-07-28,4.6
1996-07-29,4.4
1996-07-30,4.1
1996-07-31,3.9
1996-08-01,3.7
1996-08-02,3.7
1996-08-03,3.8
1996-08-04,3.8
1996-08-05,3.7
1996-08-06,3.6
1996-08-07,3.5
1996-08-08,3.4
1996-08-09,3.3
1996-08-10,3.3
1996-08-11,3.3
1996-08-12,4.0
1996-08-13,3.7
1996-08-14,3.6
1996-08-15,3.4
1996-08-16,3.2
1996-08-17,3.1
1996-08-18,3.1
1996-08-19,3.1
1996-08-20,3.0
1996-08-21,3.0
1996-08-22,3.0
1996-08-23,2.8
1996-08-24,2.8
1996-08-25,2.8
1996-08-26,2.7
1996-08-27,2.7
1996-08-28,2.7
1996-08-29,2.6
1996-08-30,2.6
1996-08-31,2.5
1996-09-01,2.5
1996-09-02,2.5
1996-09-03,2.5
1996-09-04,2.5
1996-09-05,2.5
1996-09-06,2.6
1996-09-07,2.6
1996-09-08,2.6
1996-09-09,2.5
1996-09-10,2.5
1996-09-11,2.5
1996-09-12,2.5
1996-09-13,3.0
1996-09-14,3.0
1996-09-15,3.5
1996-09-16,5.7
1996-09-17,3.7
1996-09-18,3.3
1996-09-19,3.1
1996-09-20,3.0
1996-09-21,2.9
1996-09-22,2.8
1996-09-23,2.8
1996-09-24,2.8
1996-09-25,2.8
1996-09-26,2.8
1996-09-27,2.8
1996-09-28,2.8
1996-09-29,2.8
1996-09-30,2.7
1996-10-01,2.7
1996-10-02,2.8
1996-10-03,2.8
1996-10-04,2.7
1996-10-05,2.7
1996-10-06,2.7
1996-10-07,2.6
1996-10-08,2.6
1996-10-09,2.6
1996-10-10,2.6
1996-10-11,2.8
1996-10-12,2.8
1996-10-13,2.9
1996-10-14,2.8
1996-10-15,2.9
1996-10-16,2.9
1996-10-17,3.0
1996-10-18,3.6
1996-10-19,3.6
1996-10-20,3.3
1996-10-21,3.2
1996-10-22,3.3
1996-10-23,3.3
1996-10-24,3.6
1996-10-25,4.0
1996-10-26,3.7
1996-10-27,3.6
1996-10-28,3.6
1996-10-29,3.8
1996-10-30,3.9
1996-10-31,3.9
1996-11-01,3.9
1996-11-02,3.9
1996-11-03,3.9
1996-11-04,3.8
1996-11-05,3.6
1996-11-06,3.4
1996-11-07,3.5
1996-11-08,3.5
1996-11-09,3.6
1996-11-10,3.7
1996-11-11,3.7
1996-11-12,3.7
1996-11-13,3.7
1996-11-14,3.6
1996-11-15,3.7
1996-11-16,3.6
1996-11-17,22.0
1996-11-18,29.0
1996-11-19,14.0
1996-11-20,10.0
1996-11-21,8.7
1996-11-22,13.0
1996-11-23,8.6
1996-11-24,7.3
1996-11-25,6.5
1996-11-26,5.8
1996-11-27,5.2
1996-11-28,5.2
1996-11-29,4.7
1996-11-30,4.5
1996-12-01,4.5
1996-12-02,4.6
1996-12-03,4.7
1996-12-04,6.6
1996-12-05,45.0
1996-12-06,13.0
1996-12-07,10.0
1996-12-08,12.0
1996-12-09,14.0
1996-12-10,14.0
1996-12-11,22.0
1996-12-12,58.0
1996-12-13,28.0
1996-12-14,18.0
1996-12-15,14.0
1996-12-16,12.0
1996-12-17,11.0
1996-12-18,9.8
1996-12-19,9.0
1996-12-20,8.3
1996-12-21,8.3
1996-12-22,8.3
1996-12-23,8.3
1996-12-24,8.3
1996-12-25,8.3
1996-12-26,8.3
1996-12-27,8.5
1996-12-28,8.5
1996-12-29,22.0
1996-12-30,53.0
1996-12-31,139.0
1997-01-01,800.0
1997-01-02,750.0
1997-01-03,237.0
1997-01-04,143.0
1997-01-05,99.0
1997-01-06,76.0
1997-01-07,66.0
1997-01-08,51.0
1997-01-09,44.0
1997-01-10,39.0
1997-01-11,37.0
1997-01-12,34.0
1997-01-13,34.0
1997-01-14,30.0
1997-01-15,25.0
1997-01-16,18.0
1997-01-17,17.0
1997-01-18,16.0
1997-01-19,15.0
1997-01-20,14.0
1997-01-21,13.0
1997-01-22,11.0
1997-01-23,11.0
1997-01-24,12.0
1997-01-25,14.0
1997-01-26,15.0
1997-01-27,16.0
1997-01-28,16.0
1997-01-29,18.0
1997-01-30,18.0
1997-01-31,17.0
1997-02-01,17.0
1997-02-02,17.0
1997-02-03,16.0
1997-02-04,15.0
1997-02-05,14.0
1997-02-06,14.0
1997-02-07,13.0
1997-02-08,13.0
1997-02-09,13.0
1997-02-10,12.0
1997-02-11,12.0
1997-02-12,12.0
1997-02-13,11.0
1997-02-14,11.0
1997-02-15,11.0
1997-02-16,11.0
1997-02-17,11.0
1997-02-18,10.0
1997-02-19,10.0
1997-02-20,10.0
1997-02-21,10.0
1997-02-22,9.9
1997-02-23,9.7
1997-02-24,9.3
1997-02-25,9.2
1997-02-26,9.4
1997-02-27,9.3
1997-02-28,9.0
1997-03-01,8.8
1997-03-02,8.8
1997-03-03,8.5
1997-03-04,8.5
1997-03-05,8.5
1997-03-06,8.4
1997-03-07,8.7
1997-03-08,9.0
1997-03-09,9.3
1997-03-10,11.0
1997-03-11,12.0
1997-03-12,12.0
1997-03-13,11.0
1997-03-14,12.0
1997-03-15,14.0
1997-03-16,15.0
1997-03-17,15.0
1997-03-18,17.0
1997-03-19,21.0
1997-03-20,26.0
1997-03-21,27.0
1997-03-22,31.0
1997-03-23,34.0
1997-03-24,37.0
1997-03-25,37.0
1997-03-26,44.0
1997-03-27,47.0
1997-03-28,44.0
1997-03-29,41.0
1997-03-30,42.0
1997-03-31,38.0
1997-04-01,33.0
1997-04-02,31.0
1997-04-03,31.0
1997-04-04,31.0
1997-04-05,29.0
1997-04-06,27.0
1997-04-07,27.0
1997-04-08,28.0
1997-04-09,27.0
1997-04-10,25.0
1997-04-11,25.0
1997-04-12,24.0
1997-04-13,26.0
1997-04-14,30.0
1997-04-15,34.0
1997-04-16,38.0
1997-04-17,43.0
1997-04-18,55.0
1997-04-19,81.0
1997-04-20,75.0
1997-04-21,90.0
1997-04-22,77.0
1997-04-23,90.0
1997-04-24,70.0
1997-04-25,65.0
1997-04-26,65.0
1997-04-27,74.0
1997-04-28,69.0
1997-04-29,63.0
1997-04-30,59.0
1997-05-01,56.0
1997-05-02,51.0
1997-05-03,49.0
1997-05-04,50.0
1997-05-05,49.0
1997-05-06,49.0
1997-05-07,48.0
1997-05-08,48.0
1997-05-09,50.0
1997-05-10,51.0
1997-05-11,51.0
1997-05-12,52.0
1997-05-13,52.0
1997-05-14,51.0
1997-05-15,49.0
1997-05-16,47.0
1997-05-17,46.0
1997-05-18,45.0
1997-05-19,43.0
1997-05-20,40.0
1997-05-21,37.0
1997-05-22,35.0
1997-05-23,37.0
1997-05-24,33.0
1997-05-25,30.0
1997-05-26,27.0
1997-05-27,25.0
1997-05-28,24.0
1997-05-29,24.0
1997-05-30,23.0
1997-05-31,23.0
1997-06-01,24.0
1997-06-02,22.0
1997-06-03,24.0
1997-06-04,36.0
1997-06-05,26.0
1997-06-06,22.0
1997-06-07,20.0
1997-06-08,22.0
1997-06-09,23.0
1997-06-10,20.0
1997-06-11,18.0
1997-06-12,17.0
1997-06-13,18.0
1997-06-14,20.0
1997-06-15,18.0
1997-06-16,16.0
1997-06-17,14.0
1997-06-18,13.0
1997-06-19,12.0
1997-06-20,11.0
1997-06-21,11.0
1997-06-22,10.0
1997-06-23,9.8
1997-06-24,9.3
1997-06-25,8.8
1997-06-26,8.3
1997-06-27,7.8
1997-06-28,7.5
1997-06-29,7.4
1997-06-30,8.0
1997-07-01,7.7
1997-07-02,7.2
1997-07-03,6.8
1997-07-04,6.5
1997-07-05,6.2
1997-07-06,5.9
1997-07-07,5.6
1997-07-08,5.5
1997-07-09,5.3
1997-07-10,5.1
1997-07-11,5.1
1997-07-12,5.0
1997-07-13,4.8
1997-07-14,4.6
1997-07-15,4.4
1997-07-16,4.4
1997-07-17,4.3
1997-07-18,4.3
1997-07-19,4.2
1997-07-20,4.0
1997-07-21,3.9
1997-07-22,3.8
1997-07-23,3.8
1997-07-24,3.9
1997-07-25,3.9
1997-07-26,3.8
1997-07-27,3.7
1997-07-28,3.9
1997-07-29,3.8
1997-07-30,3.4
1997-07-31,3.3
1997-08-01,3.3
1997-08-02,3.2
1997-08-03,3.1
1997-08-04,3.0
1997-08-05,2.9
1997-08-06,2.9
1997-08-07,2.8
1997-08-08,2.8
1997-08-09,2.8
1997-08-10,2.8
1997-08-11,2.9
1997-08-12,2.9
1997-08-13,3.0
1997-08-14,2.9
1997-08-15,2.8
1997-08-16,2.9
1997-08-17,2.9
1997-08-18,3.0
1997-08-19,3.0
1997-08-20,3.3
1997-08-21,3.0
1997-08-22,2.7
1997-08-23,2.8
1997-08-24,3.0
1997-08-25,3.1
1997-08-26,3.1
1997-08-27,3.0
1997-08-28,3.0
1997-08-29,3.0
1997-08-30,3.0
1997-08-31,3.0
1997-09-01,3.1
1997-09-02,3.2
1997-09-03,3.2
1997-09-04,3.2
1997-09-05,3.1
1997-09-06,3.1
1997-09-07,3.2
1997-09-08,3.2
1997-09-09,3.2
1997-09-10,3.2
1997-09-11,3.3
1997-09-12,3.2
1997-09-13,3.2
1997-09-14,3.4
1997-09-15,4.2
1997-09-16,3.6
1997-09-17,3.4
1997-09-18,3.3
1997-09-19,4.0
1997-09-20,3.7
1997-09-21,3.6
1997-09-22,3.5
1997-09-23,3.4
1997-09-24,3.4
1997-09-25,3.5
1997-09-26,3.5
1997-09-27,3.5
1997-09-28,3.5
1997-09-29,3.5
1997-09-30,3.5
1997-10-01,3.4
1997-10-02,4.4
1997-10-03,4.0
1997-10-04,3.7
1997-10-05,3.6
1997-10-06,3.6
1997-10-07,3.7
1997-10-08,3.8
1997-10-09,8.1
1997-10-10,6.0
1997-10-11,5.1
1997-10-12,4.7
1997-10-13,4.6
1997-10-14,4.4
1997-10-15,4.3
1997-10-16,4.2
1997-10-17,4.1
1997-10-18,4.1
1997-10-19,4.0
1997-10-20,4.0
1997-10-21,4.0
1997-10-22,3.9
1997-10-23,4.0
1997-10-24,4.0
1997-10-25,4.0
1997-10-26,4.1
1997-10-27,4.1
1997-10-28,4.1
1997-10-29,4.1
1997-10-30,4.1
1997-10-31,4.2
1997-11-01,4.3
1997-11-02,4.3
1997-11-03,4.4
1997-11-04,4.5
1997-11-05,4.5
1997-11-06,4.5
1997-11-07,4.7
1997-11-08,4.3
1997-11-09,4.3
1997-11-10,4.4
1997-11-11,4.5
1997-11-12,4.7
1997-11-13,4.5
1997-11-14,4.5
1997-11-15,4.3
1997-11-16,4.4
1997-11-17,4.5
1997-11-18,4.4
1997-11-19,7.0
1997-11-20,5.2
1997-11-21,4.9
1997-11-22,5.2
1997-11-23,6.7
1997-11-24,5.8
1997-11-25,6.4
1997-11-26,8.5
1997-11-27,6.2
1997-11-28,5.5
1997-11-29,5.2
1997-11-30,5.0
1997-12-01,4.8
1997-12-02,4.5
1997-12-03,4.4
1997-12-04,4.4
1997-12-05,4.4
1997-12-06,4.5
1997-12-07,4.7
1997-12-08,4.7
1997-12-09,4.5
1997-12-10,4.5
1997-12-11,4.4
1997-12-12,4.6
1997-12-13,4.4
1997-12-14,4.3
1997-12-15,4.3
1997-12-16,4.3
1997-12-17,4.6
1997-12-18,4.5
1997-12-19,4.5
1997-12-20,4.3
1997-12-21,4.2
1997-12-22,4.1
1997-12-23,4.1
1997-12-24,4.0
1997-12-25,4.0
1997-12-26,4.0
1997-12-27,4.0
1997-12-28,4.1
1997-12-29,4.0
1997-12-30,4.0
1997-12-31,4.0
1998-01-01,4.1
1998-01-02,4.4
1998-01-03,4.3
1998-01-04,4.4
1998-01-05,4.4
1998-01-06,4.6
1998-01-07,4.3
1998-01-08,4.3
1998-01-09,4.4
1998-01-10,4.4
1998-01-11,4.5
1998-01-12,6.7
1998-01-13,6.0
1998-01-14,5.8
1998-01-15,13.0
1998-01-16,12.0
1998-01-17,14.0
1998-01-18,10.0
1998-01-19,8.7
1998-01-20,7.2
1998-01-21,6.6
1998-01-22,6.3
1998-01-23,6.1
1998-01-24,5.9
1998-01-25,5.8
1998-01-26,5.7
1998-01-27,5.7
1998-01-28,5.6
1998-01-29,5.8
1998-01-30,5.5
1998-01-31,5.3
1998-02-01,5.3
1998-02-02,5.1
1998-02-03,7.7
1998-02-04,6.8
1998-02-05,6.1
1998-02-06,6.0
1998-02-07,5.7
1998-02-08,5.8
1998-02-09,5.5
1998-02-10,5.4
1998-02-11,5.3
1998-02-12,5.3
1998-02-13,5.2
1998-02-14,5.3
1998-02-15,5.2
1998-02-16,5.2
1998-02-17,5.1
1998-02-18,5.0
1998-02-19,5.0
1998-02-20,5.1
1998-02-21,5.2
1998-02-22,5.3
1998-02-23,5.2
1998-02-24,5.1
1998-02-25,5.1
1998-02-26,5.0
1998-02-27,5.1
1998-02-28,5.2
1998-03-01,5.2
1998-03-02,5.2
1998-03-03,5.3
1998-03-04,5.2
1998-03-05,5.1
1998-03-06,5.1
1998-03-07,5.0
1998-03-08,5.0
1998-03-09,4.9
1998-03-10,5.1
1998-03-11,5.4
1998-03-12,5.8
1998-03-13,5.8
1998-03-14,5.9
1998-03-15,6.9
1998-03-16,7.9
1998-03-17,8.3
1998-03-18,8.3
1998-03-19,8.4
1998-03-20,9.7
1998-03-21,11.0
1998-03-22,21.0
1998-03-23,32.0
1998-03-24,48.0
1998-03-25,30.0
1998-03-26,22.0
1998-03-27,20.0
1998-03-28,17.0
1998-03-29,14.0
1998-03-30,13.0
1998-03-31,12.0
1998-04-01,11.0
1998-04-02,11.0
1998-04-03,11.0
1998-04-04,10.0
1998-04-05,9.9
1998-04-06,9.7
1998-04-07,9.3
1998-04-08,9.1
1998-04-09,9.3
1998-04-10,9.4
1998-04-11,9.3
1998-04-12,8.8
1998-04-13,8.7
1998-04-14,8.3
1998-04-15,8.0
1998-04-16,7.9
1998-04-17,8.4
1998-04-18,9.9
1998-04-19,12.0
1998-04-20,15.0
1998-04-21,21.0
1998-04-22,28.0
1998-04-23,33.0
1998-04-24,33.0
1998-04-25,32.0
1998-04-26,33.0
1998-04-27,38.0
1998-04-28,45.0
1998-04-29,53.0
1998-04-30,62.0
1998-05-01,71.0
1998-05-02,82.0
1998-05-03,76.0
1998-05-04,68.0
1998-05-05,65.0
1998-05-06,67.0
1998-05-07,70.0
1998-05-08,79.0
1998-05-09,83.0
1998-05-10,66.0
1998-05-11,59.0
1998-05-12,50.0
1998-05-13,44.0
1998-05-14,40.0
1998-05-15,43.0
1998-05-16,42.0
1998-05-17,35.0
1998-05-18,39.0
1998-05-19,47.0
1998-05-20,50.0
1998-05-21,44.0
1998-05-22,46.0
1998-05-23,48.0
1998-05-24,55.0
1998-05-25,77.0
1998-05-26,59.0
1998-05-27,50.0
1998-05-28,48.0
1998-05-29,45.0
1998-05-30,47.0
1998-05-31,56.0
1998-06-01,65.0
1998-06-02,71.0
1998-06-03,67.0
1998-06-04,68.0
1998-06-05,69.0
1998-06-06,73.0
1998-06-07,89.0
1998-06-08,82.0
1998-06-09,77.0
1998-06-10,74.0
1998-06-11,77.0
1998-06-12,89.0
1998-06-13,89.0
1998-06-14,82.0
1998-06-15,76.0
1998-06-16,74.0
1998-06-17,66.0
1998-06-18,64.0
1998-06-19,64.0
1998-06-20,60.0
1998-06-21,57.0
1998-06-22,53.0
1998-06-23,49.0
1998-06-24,47.0
1998-06-25,47.0
1998-06-26,43.0
1998-06-27,39.0
1998-06-28,37.0
1998-06-29,35.0
1998-06-30,33.0
1998-07-01,32.0
1998-07-02,30.0
1998-07-03,28.0
1998-07-04,27.0
1998-07-05,25.0
1998-07-06,24.0
1998-07-07,24.0
1998-07-08,23.0
1998-07-09,22.0
1998-07-10,21.0
1998-07-11,19.0
1998-07-12,17.0
1998-07-13,16.0
1998-07-14,15.0
1998-07-15,14.0
1998-07-16,14.0
1998-07-17,13.0
1998-07-18,12.0
1998-07-19,12.0
1998-07-20,11.0
1998-07-21,10.0
1998-07-22,10.0
1998-07-23,10.0
1998-07-24,11.0
1998-07-25,10.0
1998-07-26,9.4
1998-07-27,9.1
1998-07-28,8.4
1998-07-29,8.0
1998-07-30,7.8
1998-07-31,7.5
1998-08-01,7.1
1998-08-02,6.7
1998-08-03,6.5
1998-08-04,6.2
1998-08-05,5.8
1998-08-06,5.7
1998-08-07,5.6
1998-08-08,5.4
1998-08-09,5.2
1998-08-10,5.2
1998-08-11,5.0
1998-08-12,4.9
1998-08-13,4.9
1998-08-14,8.1
1998-08-15,7.0
1998-08-16,5.5
1998-08-17,5.1
1998-08-18,5.0
1998-08-19,4.9
1998-08-20,4.8
1998-08-21,4.7
1998-08-22,4.5
1998-08-23,4.4
1998-08-24,4.4
1998-08-25,4.3
1998-08-26,4.2
1998-08-27,4.2
1998-08-28,4.1
1998-08-29,4.0
1998-08-30,3.9
1998-08-31,4.0
1998-09-01,4.0
1998-09-02,3.9
1998-09-03,3.9
1998-09-04,4.0
1998-09-05,8.1
1998-09-06,8.0
1998-09-07,5.3
1998-09-08,5.0
1998-09-09,9.5
1998-09-10,6.4
1998-09-11,5.7
1998-09-12,5.6
1998-09-13,5.0
1998-09-14,4.7
1998-09-15,4.5
1998-09-16,4.4
1998-09-17,4.3
1998-09-18,4.2
1998-09-19,4.1
1998-09-20,4.3
1998-09-21,4.3
1998-09-22,4.1
1998-09-23,4.3
1998-09-24,4.7
1998-09-25,4.4
1998-09-26,4.9
1998-09-27,8.1
1998-09-28,5.5
1998-09-29,5.0
1998-09-30,5.3
1998-10-01,4.6
1998-10-02,4.4
1998-10-03,4.4
1998-10-04,4.4
1998-10-05,4.4
1998-10-06,4.4
1998-10-07,4.4
1998-10-08,4.3
1998-10-09,4.2
1998-10-10,4.3
1998-10-11,4.2
1998-10-12,4.0
1998-10-13,3.9
1998-10-14,4.0
1998-10-15,4.1
1998-10-16,4.2
1998-10-17,4.1
1998-10-18,4.2
1998-10-19,4.2
1998-10-20,4.1
1998-10-21,4.1
1998-10-22,4.1
1998-10-23,4.1
1998-10-24,6.0
1998-10-25,6.1
1998-10-26,5.5
1998-10-27,5.1
1998-10-28,5.1
1998-10-29,5.3
1998-10-30,5.3
1998-10-31,5.1
1998-11-01,7.1
1998-11-02,5.6
1998-11-03,5.3
1998-11-04,5.0
1998-11-05,4.9
1998-11-06,4.9
1998-11-07,5.4
1998-11-08,5.3
1998-11-09,5.0
1998-11-10,5.0
1998-11-11,5.0
1998-11-12,5.0
1998-11-13,5.2
1998-11-14,5.4
1998-11-15,5.6
1998-11-16,5.7
1998-11-17,5.9
1998-11-18,5.4
1998-11-19,5.0
1998-11-20,5.1
1998-11-21,5.3
1998-11-22,6.6
1998-11-23,18.0
1998-11-24,12.0
1998-11-25,8.5
1998-11-26,7.3
1998-11-27,6.8
1998-11-28,6.6
1998-11-29,8.7
1998-11-30,25.0
1998-12-01,13.0
1998-12-02,10.0
1998-12-03,14.0
1998-12-04,10.0
1998-12-05,9.0
1998-12-06,8.1
1998-12-07,8.3
1998-12-08,7.4
1998-12-09,6.8
1998-12-10,6.6
1998-12-11,6.3
1998-12-12,6.0
1998-12-13,6.0
1998-12-14,6.0
1998-12-15,5.8
1998-12-16,5.6
1998-12-17,5.6
1998-12-18,5.5
1998-12-19,5.5
1998-12-20,5.5
1998-12-21,5.7
1998-12-22,5.5
1998-12-23,5.4
1998-12-24,5.2
1998-12-25,5.1
1998-12-26,5.0
1998-12-27,5.0
1998-12-28,5.0
1998-12-29,4.9
1998-12-30,4.8
1998-12-31,4.8
1999-01-01,4.7
1999-01-02,4.7
1999-01-03,4.7
1999-01-04,4.8
1999-01-05,4.8
1999-01-06,4.8
1999-01-07,4.7
1999-01-08,4.5
1999-01-09,4.5
1999-01-10,4.4
1999-01-11,4.5
1999-01-12,4.4
1999-01-13,4.3
1999-01-14,4.5
1999-01-15,4.9
1999-01-16,7.0
1999-01-17,6.8
1999-01-18,17.0
1999-01-19,10.0
1999-01-20,10.0
1999-01-21,9.3
1999-01-22,8.3
1999-01-23,8.1
1999-01-24,7.7
1999-01-25,7.3
1999-01-26,7.0
1999-01-27,6.7
1999-01-28,7.3
1999-01-29,7.0
1999-01-30,6.6
1999-01-31,6.6
1999-02-01,6.4
1999-02-02,6.3
1999-02-03,6.2
1999-02-04,6.3
1999-02-05,6.2
1999-02-06,6.0
1999-02-07,8.6
1999-02-08,8.3
1999-02-09,8.6
1999-02-10,8.2
1999-02-11,8.6
1999-02-12,6.8
1999-02-13,6.8
1999-02-14,6.6
1999-02-15,6.4
1999-02-16,6.5
1999-02-17,9.7
1999-02-18,8.4
1999-02-19,7.5
1999-02-20,7.3
1999-02-21,6.8
1999-02-22,6.6
1999-02-23,6.5
1999-02-24,6.5
1999-02-25,6.5
1999-02-26,6.3
1999-02-27,6.3
1999-02-28,8.6
1999-03-01,14.0
1999-03-02,11.0
1999-03-03,12.0
1999-03-04,11.0
1999-03-05,9.7
1999-03-06,9.1
1999-03-07,8.7
1999-03-08,8.3
1999-03-09,8.1
1999-03-10,7.8
1999-03-11,7.5
1999-03-12,7.4
1999-03-13,7.6
1999-03-14,7.8
1999-03-15,7.5
1999-03-16,7.5
1999-03-17,8.0
1999-03-18,9.2
1999-03-19,9.9
1999-03-20,9.7
1999-03-21,9.1
1999-03-22,9.2
1999-03-23,9.8
1999-03-24,10.0
1999-03-25,12.0
1999-03-26,15.0
1999-03-27,15.0
1999-03-28,14.0
1999-03-29,14.0
1999-03-30,13.0
1999-03-31,12.0
1999-04-01,11.0
1999-04-02,11.0
1999-04-03,10.0
1999-04-04,10.0
1999-04-05,9.7
1999-04-06,9.3
1999-04-07,8.9
1999-04-08,8.7
1999-04-09,8.3
1999-04-10,8.3
1999-04-11,8.4
1999-04-12,9.4
1999-04-13,12.0
1999-04-14,13.0
1999-04-15,15.0
1999-04-16,17.0
1999-04-17,22.0
1999-04-18,28.0
1999-04-19,38.0
1999-04-20,44.0
1999-04-21,47.0
1999-04-22,41.0
1999-04-23,33.0
1999-04-24,36.0
1999-04-25,49.0
1999-04-26,58.0
1999-04-27,54.0
1999-04-28,44.0
1999-04-29,35.0
1999-04-30,39.0
1999-05-01,54.0
1999-05-02,55.0
1999-05-03,47.0
1999-05-04,46.0
1999-05-05,54.0
1999-05-06,72.0
1999-05-07,80.0
1999-05-08,76.0
1999-05-09,71.0
1999-05-10,71.0
1999-05-11,87.0
1999-05-12,103.0
1999-05-13,97.0
1999-05-14,81.0
1999-05-15,73.0
1999-05-16,72.0
1999-05-17,81.0
1999-05-18,90.0
1999-05-19,92.0
1999-05-20,94.0
1999-05-21,97.0
1999-05-22,102.0
1999-05-23,108.0
1999-05-24,138.0
1999-05-25,169.0
1999-05-26,154.0
1999-05-27,145.0
1999-05-28,136.0
1999-05-29,114.0
1999-05-30,106.0
1999-05-31,99.0
1999-06-01,94.0
1999-06-02,92.0
1999-06-03,78.0
1999-06-04,68.0
1999-06-05,66.0
1999-06-06,65.0
1999-06-07,57.0
1999-06-08,52.0
1999-06-09,50.0
1999-06-10,47.0
1999-06-11,46.0
1999-06-12,45.0
1999-06-13,44.0
1999-06-14,44.0
1999-06-15,44.0
1999-06-16,43.0
1999-06-17,42.0
1999-06-18,40.0
1999-06-19,39.0
1999-06-20,37.0
1999-06-21,36.0
1999-06-22,34.0
1999-06-23,35.0
1999-06-24,34.0
1999-06-25,32.0
1999-06-26,29.0
1999-06-27,27.0
1999-06-28,26.0
1999-06-29,25.0
1999-06-30,24.0
1999-07-01,23.0
1999-07-02,22.0
1999-07-03,20.0
1999-07-04,18.0
1999-07-05,17.0
1999-07-06,15.0
1999-07-07,14.0
1999-07-08,14.0
1999-07-09,13.0
1999-07-10,12.0
1999-07-11,12.0
1999-07-12,11.0
1999-07-13,11.0
1999-07-14,11.0
1999-07-15,10.0
1999-07-16,9.5
1999-07-17,8.8
1999-07-18,8.5
1999-07-19,8.1
1999-07-20,7.7
1999-07-21,7.4
1999-07-22,7.2
1999-07-23,6.9
1999-07-24,6.9
1999-07-25,6.8
1999-07-26,6.6
1999-07-27,6.4
1999-07-28,6.1
1999-07-29,6.0
1999-07-30,5.8
1999-07-31,5.8
1999-08-01,5.6
1999-08-02,5.5
1999-08-03,5.4
1999-08-04,5.3
1999-08-05,5.2
1999-08-06,6.1
1999-08-07,5.7
1999-08-08,5.6
1999-08-09,6.8
1999-08-10,9.3
1999-08-11,6.5
1999-08-12,5.8
1999-08-13,5.4
1999-08-14,5.2
1999-08-15,5.1
1999-08-16,4.9
1999-08-17,4.8
1999-08-18,4.7
1999-08-19,4.6
1999-08-20,4.5
1999-08-21,4.4
1999-08-22,4.2
1999-08-23,4.3
1999-08-24,4.3
1999-08-25,4.2
1999-08-26,4.3
1999-08-27,4.5
1999-08-28,4.3
1999-08-29,4.1
1999-08-30,4.1
1999-08-31,4.2
1999-09-01,4.2
1999-09-02,4.2
1999-09-03,4.2
1999-09-04,4.1
1999-09-05,4.1
1999-09-06,3.9
1999-09-07,3.8
1999-09-08,3.8
1999-09-09,4.6
1999-09-10,4.8
1999-09-11,4.3
1999-09-12,3.9
1999-09-13,3.8
1999-09-14,3.8
1999-09-15,3.7
1999-09-16,3.6
1999-09-17,3.6
1999-09-18,3.8
1999-09-19,3.9
1999-09-20,3.7
1999-09-21,3.7
1999-09-22,3.6
1999-09-23,3.7
1999-09-24,3.8
1999-09-25,3.7
1999-09-26,3.6
1999-09-27,3.6
1999-09-28,3.5
1999-09-29,3.5
1999-09-30,3.5
1999-10-01,3.4
1999-10-02,3.4
1999-10-03,3.4
1999-10-04,3.4
1999-10-05,3.5
1999-10-06,3.8
1999-10-07,4.0
1999-10-08,3.8
1999-10-09,3.6
1999-10-10,3.5
1999-10-11,3.5
1999-10-12,3.5
1999-10-13,3.4
1999-10-14,3.4
1999-10-15,3.4
1999-10-16,3.4
1999-10-17,3.5
1999-10-18,3.6
1999-10-19,3.7
1999-10-20,3.6
1999-10-21,3.6
1999-10-22,3.6
1999-10-23,3.6
1999-10-24,3.6
1999-10-25,3.5
1999-10-26,3.4
1999-10-27,4.5
1999-10-28,14.0
1999-10-29,4.9
1999-10-30,4.3
1999-10-31,4.1
1999-11-01,4.0
1999-11-02,4.0
1999-11-03,4.0
1999-11-04,4.0
1999-11-05,4.0
1999-11-06,3.9
1999-11-07,3.9
1999-11-08,4.8
1999-11-09,4.6
1999-11-10,4.4
1999-11-11,4.5
1999-11-12,4.5
1999-11-13,4.5
1999-11-14,4.5
1999-11-15,5.0
1999-11-16,4.9
1999-11-17,5.3
1999-11-18,4.8
1999-11-19,6.0
1999-11-20,6.2
1999-11-21,5.3
1999-11-22,4.8
1999-11-23,4.6
1999-11-24,4.6
1999-11-25,4.6
1999-11-26,4.8
1999-11-27,4.7
1999-11-28,4.6
1999-11-29,4.8
1999-11-30,5.2
1999-12-01,5.0
1999-12-02,4.8
1999-12-03,4.7
1999-12-04,4.6
1999-12-05,4.6
1999-12-06,4.6
1999-12-07,4.6
1999-12-08,4.5
1999-12-09,4.5
1999-12-10,4.5
1999-12-11,4.5
1999-12-12,4.5
1999-12-13,4.5
1999-12-14,4.5
1999-12-15,4.5
1999-12-16,4.5
1999-12-17,4.5
1999-12-18,4.5
1999-12-19,4.5
1999-12-20,4.5
1999-12-21,4.4
1999-12-22,4.4
1999-12-23,4.4
1999-12-24,4.4
1999-12-25,4.3
1999-12-26,4.3
1999-12-27,4.3
1999-12-28,4.2
1999-12-29,4.2
1999-12-30,4.1
1999-12-31,4.1
2000-01-01,4.1
2000-01-02,4.1
2000-01-03,4.1
2000-01-04,4.2
2000-01-05,4.1
2000-01-06,4.0
2000-01-07,4.0
2000-01-08,4.0
2000-01-09,4.1
2000-01-10,4.2
2000-01-11,4.4
2000-01-12,4.3
2000-01-13,4.3
2000-01-14,4.4
2000-01-15,6.6
2000-01-16,6.6
2000-01-17,6.3
2000-01-18,11.0
2000-01-19,13.0
2000-01-20,14.0
2000-01-21,9.4
2000-01-22,7.1
2000-01-23,6.6
2000-01-24,8.4
2000-01-25,9.3
2000-01-26,7.4
2000-01-27,6.5
2000-01-28,5.8
2000-01-29,5.7
2000-01-30,5.6
2000-01-31,5.6
2000-02-01,5.4
2000-02-02,5.6
2000-02-03,5.6
2000-02-04,5.5
2000-02-05,5.4
2000-02-06,5.4
2000-02-07,5.4
2000-02-08,5.4
2000-02-09,5.7
2000-02-10,6.6
2000-02-11,6.4
2000-02-12,6.0
2000-02-13,9.6
2000-02-14,34.0
2000-02-15,18.0
2000-02-16,12.0
2000-02-17,9.7
2000-02-18,8.7
2000-02-19,8.0
2000-02-20,7.7
2000-02-21,7.5
2000-02-22,7.2
2000-02-23,7.0
2000-02-24,6.6
2000-02-25,6.4
2000-02-26,7.0
2000-02-27,11.0
2000-02-28,8.2
2000-02-29,7.6
2000-03-01,7.2
2000-03-02,6.9
2000-03-03,6.9
2000-03-04,7.2
2000-03-05,7.3
2000-03-06,6.9
2000-03-07,6.6
2000-03-08,6.4
2000-03-09,6.3
2000-03-10,6.2
2000-03-11,6.5
2000-03-12,6.9
2000-03-13,7.5
2000-03-14,8.0
2000-03-15,8.7
2000-03-16,9.0
2000-03-17,9.0
2000-03-18,10.0
2000-03-19,12.0
2000-03-20,12.0
2000-03-21,10.0
2000-03-22,10.0
2000-03-23,11.0
2000-03-24,13.0
2000-03-25,14.0
2000-03-26,16.0
2000-03-27,18.0
2000-03-28,18.0
2000-03-29,17.0
2000-03-30,16.0
2000-03-31,15.0
2000-04-01,17.0
2000-04-02,21.0
2000-04-03,27.0
2000-04-04,36.0
2000-04-05,37.0
2000-04-06,35.0
2000-04-07,36.0
2000-04-08,37.0
2000-04-09,34.0
2000-04-10,35.0
2000-04-11,37.0
2000-04-12,40.0
2000-04-13,60.0
2000-04-14,42.0
2000-04-15,36.0
2000-04-16,34.0
2000-04-17,44.0
2000-04-18,33.0
2000-04-19,32.0
2000-04-20,36.0
2000-04-21,37.0
2000-04-22,38.0
2000-04-23,37.0
2000-04-24,37.0
2000-04-25,38.0
2000-04-26,42.0
2000-04-27,47.0
2000-04-28,43.0
2000-04-29,39.0
2000-04-30,40.0
2000-05-01,43.0
2000-05-02,43.0
2000-05-03,43.0
2000-05-04,43.0
2000-05-05,41.0
2000-05-06,37.0
2000-05-07,40.0
2000-05-08,52.0
2000-05-09,40.0
2000-05-10,36.0
2000-05-11,33.0
2000-05-12,29.0
2000-05-13,27.0
2000-05-14,27.0
2000-05-15,28.0
2000-05-16,27.0
2000-05-17,25.0
2000-05-18,25.0
2000-05-19,25.0
2000-05-20,25.0
2000-05-21,26.0
2000-05-22,26.0
2000-05-23,30.0
2000-05-24,44.0
2000-05-25,33.0
2000-05-26,31.0
2000-05-27,29.0
2000-05-28,28.0
2000-05-29,26.0
2000-05-30,23.0
2000-05-31,21.0
2000-06-01,19.0
2000-06-02,18.0
2000-06-03,17.0
2000-06-04,16.0
2000-06-05,16.0
2000-06-06,15.0
2000-06-07,15.0
2000-06-08,15.0
2000-06-09,14.0
2000-06-10,13.0
2000-06-11,12.0
2000-06-12,12.0
2000-06-13,11.0
2000-06-14,11.0
2000-06-15,11.0
2000-06-16,10.0
2000-06-17,9.7
2000-06-18,9.3
2000-06-19,8.9
2000-06-20,8.5
2000-06-21,8.2
2000-06-22,7.9
2000-06-23,7.5
2000-06-24,7.2
2000-06-25,7.0
2000-06-26,7.0
2000-06-27,7.2
2000-06-28,6.8
2000-06-29,6.3
2000-06-30,5.9
2000-07-01,5.6
2000-07-02,5.6
2000-07-03,5.5
2000-07-04,5.4
2000-07-05,5.3
2000-07-06,5.2
2000-07-07,5.1
2000-07-08,4.9
2000-07-09,4.8
2000-07-10,4.7
2000-07-11,4.6
2000-07-12,4.4
2000-07-13,4.3
2000-07-14,4.1
2000-07-15,3.9
2000-07-16,4.0
2000-07-17,3.9
2000-07-18,3.8
2000-07-19,3.7
2000-07-20,3.7
2000-07-21,3.6
2000-07-22,3.4
2000-07-23,3.4
2000-07-24,3.4
2000-07-25,3.4
2000-07-26,3.3
2000-07-27,3.3
2000-07-28,3.2
2000-07-29,3.2
2000-07-30,3.1
2000-07-31,3.0
2000-08-01,3.0
2000-08-02,3.0
2000-08-03,3.0
2000-08-04,3.0
2000-08-05,3.0
2000-08-06,2.9
2000-08-07,2.9
2000-08-08,2.9
2000-08-09,2.9
2000-08-10,2.9
2000-08-11,2.9
2000-08-12,2.9
2000-08-13,2.9
2000-08-14,2.8
2000-08-15,2.7
2000-08-16,2.7
2000-08-17,2.7
2000-08-18,2.6
2000-08-19,2.7
2000-08-20,2.7
2000-08-21,2.7
2000-08-22,2.7
2000-08-23,2.7
2000-08-24,2.6
2000-08-25,2.6
2000-08-26,2.6
2000-08-27,2.6
2000-08-28,2.6
2000-08-29,2.6
2000-08-30,2.7
2000-08-31,2.7
2000-09-01,2.9
2000-09-02,4.2
2000-09-03,3.3
2000-09-04,3.1
2000-09-05,3.0
2000-09-06,3.0
2000-09-07,2.9
2000-09-08,2.8
2000-09-09,2.8
2000-09-10,2.7
2000-09-11,2.7
2000-09-12,2.6
2000-09-13,2.5
2000-09-14,2.4
2000-09-15,2.4
2000-09-16,2.3
2000-09-17,2.4
2000-09-18,2.4
2000-09-19,2.4
2000-09-20,2.4
2000-09-21,2.3
2000-09-22,2.4
2000-09-23,2.4
2000-09-24,2.5
2000-09-25,2.5
2000-09-26,2.4
2000-09-27,2.4
2000-09-28,2.4
2000-09-29,2.4
2000-09-30,2.4
2000-10-01,2.4
2000-10-02,2.4
2000-10-03,2.4
2000-10-04,2.4
2000-10-05,2.4
2000-10-06,2.4
2000-10-07,2.4
2000-10-08,2.4
2000-10-09,2.8
2000-10-10,3.3
2000-10-11,3.0
2000-10-12,2.9
2000-10-13,2.9
2000-10-14,2.9
2000-10-15,2.8
2000-10-16,2.8
2000-10-17,2.6
2000-10-18,2.6
2000-10-19,2.6
2000-10-20,2.8
2000-10-21,3.0
2000-10-22,2.9
2000-10-23,2.8
2000-10-24,2.8
2000-10-25,2.9
2000-10-26,3.3
2000-10-27,3.5
2000-10-28,4.3
2000-10-29,4.3
2000-10-30,3.5
2000-10-31,3.4
2000-11-01,3.4
2000-11-02,3.5
2000-11-03,3.5
2000-11-04,3.4
2000-11-05,3.4
2000-11-06,3.4
2000-11-07,3.2
2000-11-08,3.2
2000-11-09,3.3
2000-11-10,3.1
2000-11-11,3.1
2000-11-12,3.0
2000-11-13,3.0
2000-11-14,3.1
2000-11-15,3.1
2000-11-16,3.1
2000-11-17,3.0
2000-11-18,3.0
2000-11-19,3.1
2000-11-20,3.1
2000-11-21,3.1
2000-11-22,3.0
2000-11-23,3.0
2000-11-24,3.1
2000-11-25,3.1
2000-11-26,3.2
2000-11-27,3.3
2000-11-28,3.3
2000-11-29,3.3
2000-11-30,3.4
2000-12-01,3.3
2000-12-02,3.3
2000-12-03,3.3
2000-12-04,3.3
2000-12-05,3.3
2000-12-06,3.3
2000-12-07,3.3
2000-12-08,3.3
2000-12-09,3.3
2000-12-10,3.4
2000-12-11,3.4
2000-12-12,3.4
2000-12-13,3.4
2000-12-14,3.4
2000-12-15,3.4
2000-12-16,3.3
2000-12-17,3.4
2000-12-18,3.4
2000-12-19,3.3
2000-12-20,3.3
2000-12-21,3.4
2000-12-22,3.4
2000-12-23,3.3
2000-12-24,3.3
2000-12-25,3.3
2000-12-26,3.3
2000-12-27,3.3
2000-12-28,3.2
2000-12-29,3.3
2000-12-30,3.3
2000-12-31,3.3
2001-01-01,3.2
2001-01-02,3.2
2001-01-03,3.1
2001-01-04,3.2
2001-01-05,3.1
2001-01-06,3.1
2001-01-07,3.2
2001-01-08,3.3
2001-01-09,3.3
2001-01-10,3.3
2001-01-11,3.4
2001-01-12,3.3
2001-01-13,3.3
2001-01-14,3.3
2001-01-15,3.4
2001-01-16,3.3
2001-01-17,3.4
2001-01-18,3.4
2001-01-19,3.3
2001-01-20,3.4
2001-01-21,3.3
2001-01-22,3.3
2001-01-23,3.3
2001-01-24,3.3
2001-01-25,3.3
2001-01-26,3.4
2001-01-27,3.3
2001-01-28,3.3
2001-01-29,3.3
2001-01-30,3.4
2001-01-31,3.4
2001-02-01,3.3
2001-02-02,3.4
2001-02-03,3.5
2001-02-04,3.9
2001-02-05,3.9
2001-02-06,3.8
2001-02-07,3.6
2001-02-08,3.5
2001-02-09,3.5
2001-02-10,3.7
2001-02-11,3.7
2001-02-12,3.5
2001-02-13,3.4
2001-02-14,3.5
2001-02-15,3.5
2001-02-16,3.4
2001-02-17,3.4
2001-02-18,3.4
2001-02-19,3.4
2001-02-20,3.4
2001-02-21,3.4
2001-02-22,3.6
2001-02-23,3.4
2001-02-24,3.6
2001-02-25,3.4
2001-02-26,3.4
2001-02-27,3.4
2001-02-28,3.4
2001-03-01,3.4
2001-03-02,3.4
2001-03-03,3.4
2001-03-04,3.8
2001-03-05,3.9
2001-03-06,3.9
2001-03-07,4.2
2001-03-08,4.6
2001-03-09,4.7
2001-03-10,4.2
2001-03-11,4.2
2001-03-12,4.2
2001-03-13,4.4
2001-03-14,4.6
2001-03-15,4.5
2001-03-16,4.5
2001-03-17,5.1
2001-03-18,6.4
2001-03-19,7.7
2001-03-20,8.9
2001-03-21,9.5
2001-03-22,9.4
2001-03-23,9.8
2001-03-24,11.0
2001-03-25,15.0
2001-03-26,11.0
2001-03-27,10.0
2001-03-28,14.0
2001-03-29,13.0
2001-03-30,13.0
2001-03-31,13.0
2001-04-01,13.0
2001-04-02,11.0
2001-04-03,8.6
2001-04-04,7.5
2001-04-05,6.9
2001-04-06,6.6
2001-04-07,6.5
2001-04-08,6.0
2001-04-09,5.7
2001-04-10,5.6
2001-04-11,5.5
2001-04-12,5.8
2001-04-13,6.0
2001-04-14,6.0
2001-04-15,6.6
2001-04-16,8.0
2001-04-17,9.4
2001-04-18,11.0
2001-04-19,11.0
2001-04-20,8.7
2001-04-21,8.4
2001-04-22,9.2
2001-04-23,11.0
2001-04-24,12.0
2001-04-25,14.0
2001-04-26,16.0
2001-04-27,16.0
2001-04-28,14.0
2001-04-29,13.0
2001-04-30,15.0
2001-05-01,15.0
2001-05-02,13.0
2001-05-03,11.0
2001-05-04,11.0
2001-05-05,11.0
2001-05-06,11.0
2001-05-07,11.0
2001-05-08,11.0
2001-05-09,11.0
2001-05-10,10.0
2001-05-11,9.6
2001-05-12,9.3
2001-05-13,8.7
2001-05-14,7.9
2001-05-15,8.5
2001-05-16,8.5
2001-05-17,7.4
2001-05-18,6.8
2001-05-19,6.2
2001-05-20,5.8
2001-05-21,5.5
2001-05-22,5.1
2001-05-23,4.9
2001-05-24,4.5
2001-05-25,4.3
2001-05-26,4.0
2001-05-27,3.8
2001-05-28,3.6
2001-05-29,3.4
2001-05-30,3.2
2001-05-31,3.1
2001-06-01,3.0
2001-06-02,2.9
2001-06-03,2.9
2001-06-04,2.8
2001-06-05,2.8
2001-06-06,2.7
2001-06-07,2.6
2001-06-08,2.5
2001-06-09,2.4
2001-06-10,2.4
2001-06-11,2.4
2001-06-12,2.4
2001-06-13,2.4
2001-06-14,2.4
2001-06-15,2.3
2001-06-16,2.2
2001-06-17,2.1
2001-06-18,2.1
2001-06-19,2.1
2001-06-20,2.1
2001-06-21,2.0
2001-06-22,2.0
2001-06-23,2.0
2001-06-24,2.0
2001-06-25,2.0
2001-06-26,2.0
2001-06-27,2.1
2001-06-28,2.1
2001-06-29,2.0
2001-06-30,1.9
2001-07-01,1.8
2001-07-02,1.8
2001-07-03,1.8
2001-07-04,1.8
2001-07-05,1.9
2001-07-06,1.8
2001-07-07,1.8
2001-07-08,1.8
2001-07-09,1.8
2001-07-10,1.9
2001-07-11,1.8
2001-07-12,1.8
2001-07-13,1.7
2001-07-14,1.7
2001-07-15,1.7
2001-07-16,1.8
2001-07-17,1.8
2001-07-18,1.8
2001-07-19,1.8
2001-07-20,1.7
2001-07-21,1.7
2001-07-22,1.7
2001-07-23,1.7
2001-07-24,1.7
2001-07-25,1.7
2001-07-26,1.7
2001-07-27,1.6
2001-07-28,1.6
2001-07-29,1.6
2001-07-30,1.7
2001-07-31,1.7
2001-08-01,1.7
2001-08-02,1.7
2001-08-03,1.6
2001-08-04,1.6
2001-08-05,1.6
2001-08-06,1.6
2001-08-07,1.6
2001-08-08,1.6
2001-08-09,1.6
2001-08-10,1.6
2001-08-11,1.6
2001-08-12,1.6
2001-08-13,1.6
2001-08-14,1.6
2001-08-15,1.6
2001-08-16,1.6
2001-08-17,1.6
2001-08-18,1.6
2001-08-19,1.6
2001-08-20,1.6
2001-08-21,1.6
2001-08-22,1.7
2001-08-23,1.7
2001-08-24,1.7
2001-08-25,1.7
2001-08-26,1.7
2001-08-27,1.7
2001-08-28,1.7
2001-08-29,1.7
2001-08-30,1.7
2001-08-31,1.7
2001-09-01,1.7
2001-09-02,1.7
2001-09-03,1.7
2001-09-04,1.7
2001-09-05,1.7
2001-09-06,1.7
2001-09-07,1.7
2001-09-08,1.7
2001-09-09,1.7
2001-09-10,1.7
2001-09-11,1.8
2001-09-12,1.9
2001-09-13,1.8
2001-09-14,1.8
2001-09-15,1.8
2001-09-16,1.8
2001-09-17,1.8
2001-09-18,1.8
2001-09-19,1.8
2001-09-20,1.8
2001-09-21,1.8
2001-09-22,1.8
2001-09-23,1.8
2001-09-24,1.8
2001-09-25,2.3
2001-09-26,1.9
2001-09-27,1.9
2001-09-28,1.9
2001-09-29,1.9
2001-09-30,1.9
2001-10-01,1.76
2001-10-02,1.76
2001-10-03,1.76
2001-10-04,1.76
2001-10-05,1.8
2001-10-06,1.8
2001-10-07,1.79
2001-10-08,1.82
2001-10-09,1.82
2001-10-10,1.84
2001-10-11,1.85
2001-10-12,1.84
2001-10-13,1.85
2001-10-14,1.85
2001-10-15,1.85
2001-10-16,1.84
2001-10-17,1.83
2001-10-18,1.83
2001-10-19,1.87
2001-10-20,1.87
2001-10-21,1.86
2001-10-22,1.89
2001-10-23,1.9
2001-10-24,1.9
2001-10-25,1.9
2001-10-26,1.9
2001-10-27,1.9
2001-10-28,1.9
2001-10-29,1.9
2001-10-30,2.87
2001-10-31,2.45
2001-11-01,2.11
2001-11-02,2.1
2001-11-03,2.06
2001-11-04,2.02
2001-11-05,2.02
2001-11-06,2.02
2001-11-07,2.02
2001-11-08,2.05
2001-11-09,2.08
2001-11-10,2.1
2001-11-11,3.65
2001-11-12,3.43
2001-11-13,2.94
2001-11-14,2.56
2001-11-15,2.42
2001-11-16,2.36
2001-11-17,2.3
2001-11-18,2.3
2001-11-19,2.3
2001-11-20,2.3
2001-11-21,5.23
2001-11-22,11.2
2001-11-23,4.1
2001-11-24,11.8
2001-11-25,5.41
2001-11-26,3.79
2001-11-27,3.33
2001-11-28,3.09
2001-11-29,3.08
2001-11-30,2.93
2001-12-01,2.97
2001-12-02,3.54
2001-12-03,4.02
2001-12-04,3.38
2001-12-05,3.27
2001-12-06,3.31
2001-12-07,3.51
2001-12-08,3.3
2001-12-09,3.3
2001-12-10,3.28
2001-12-11,3.1
2001-12-12,3.1
2001-12-13,3.11
2001-12-14,3.16
2001-12-15,3.01
2001-12-16,3.02
2001-12-17,3.11
2001-12-18,3.01
2001-12-19,3.0
2001-12-20,3.08
2001-12-21,3.0
2001-12-22,3.05
2001-12-23,3.0
2001-12-24,3.0
2001-12-25,3.0
2001-12-26,3.0
2001-12-27,3.04
2001-12-28,3.26
2001-12-29,3.52
2001-12-30,3.7
2001-12-31,5.58
2002-01-01,4.63
2002-01-02,5.74
2002-01-03,6.14
2002-01-04,4.77
2002-01-05,4.66
2002-01-06,9.99
2002-01-07,8.03
2002-01-08,6.64
2002-01-09,5.78
2002-01-10,5.21
2002-01-11,4.91
2002-01-12,4.58
2002-01-13,4.49
2002-01-14,4.28
2002-01-15,4.2
2002-01-16,4.1
2002-01-17,3.76
2002-01-18,3.7
2002-01-19,3.53
2002-01-20,3.56
2002-01-21,3.29
2002-01-22,3.2
2002-01-23,3.18
2002-01-24,3.1
2002-01-25,3.1
2002-01-26,3.1
2002-01-27,3.19
2002-01-28,3.1
2002-01-29,3.08
2002-01-30,2.95
2002-01-31,2.92
2002-02-01,2.91
2002-02-02,2.92
2002-02-03,2.88
2002-02-04,2.93
2002-02-05,2.95
2002-02-06,2.91
2002-02-07,2.97
2002-02-08,2.97
2002-02-09,3.0
2002-02-10,2.9
2002-02-11,2.9
2002-02-12,2.94
2002-02-13,3.0
2002-02-14,3.0
2002-02-15,3.0
2002-02-16,3.0
2002-02-17,3.1
2002-02-18,3.1
2002-02-19,3.59
2002-02-20,6.43
2002-02-21,5.86
2002-02-22,5.97
2002-02-23,6.77
2002-02-24,5.79
2002-02-25,5.5
2002-02-26,5.48
2002-02-27,5.49
2002-02-28,5.42
2002-03-01,5.21
2002-03-02,5.3
2002-03-03,5.1
2002-03-04,4.75
2002-03-05,4.77
2002-03-06,9.33
2002-03-07,8.27
2002-03-08,6.67
2002-03-09,5.91
2002-03-10,5.64
2002-03-11,5.68
2002-03-12,6.38
2002-03-13,6.03
2002-03-14,5.49
2002-03-15,5.4
2002-03-16,5.3
2002-03-17,4.89
2002-03-18,4.9
2002-03-19,4.94
2002-03-20,5.13
2002-03-21,5.8
2002-03-22,6.67
2002-03-23,6.6
2002-03-24,5.8
2002-03-25,5.6
2002-03-26,5.84
2002-03-27,6.73
2002-03-28,8.16
2002-03-29,9.98
2002-03-30,11.6
2002-03-31,13.3
2002-04-01,15.3
2002-04-02,17.5
2002-04-03,20.7
2002-04-04,24.5
2002-04-05,27.7
2002-04-06,26.4
2002-04-07,25.3
2002-04-08,26.5
2002-04-09,27.9
2002-04-10,29.6
2002-04-11,30.4
2002-04-12,31.7
2002-04-13,32.6
2002-04-14,43.7
2002-04-15,38.2
2002-04-16,26.9
2002-04-17,22.7
2002-04-18,19.1
2002-04-19,17.2
2002-04-20,16.4
2002-04-21,16.9
2002-04-22,18.2
2002-04-23,20.1
2002-04-24,21.1
2002-04-25,23.3
2002-04-26,23.8
2002-04-27,21.5
2002-04-28,19.3
2002-04-29,21.8
2002-04-30,19.0
2002-05-01,17.2
2002-05-02,17.7
2002-05-03,20.3
2002-05-04,22.2
2002-05-05,24.3
2002-05-06,25.3
2002-05-07,25.7
2002-05-08,24.0
2002-05-09,22.9
2002-05-10,21.8
2002-05-11,19.8
2002-05-12,19.7
2002-05-13,20.3
2002-05-14,20.7
2002-05-15,20.6
2002-05-16,20.0
2002-05-17,20.3
2002-05-18,20.9
2002-05-19,19.4
2002-05-20,20.6
2002-05-21,18.1
2002-05-22,16.2
2002-05-23,15.1
2002-05-24,14.0
2002-05-25,13.7
2002-05-26,13.3
2002-05-27,12.8
2002-05-28,13.0
2002-05-29,13.0
2002-05-30,13.3
2002-05-31,13.6
2002-06-01,13.5
2002-06-02,12.5
2002-06-03,11.7
2002-06-04,11.1
2002-06-05,10.9
2002-06-06,10.8
2002-06-07,10.4
2002-06-08,9.77
2002-06-09,9.13
2002-06-10,8.38
2002-06-11,7.82
2002-06-12,7.31
2002-06-13,7.01
2002-06-14,6.63
2002-06-15,6.21
2002-06-16,5.85
2002-06-17,5.56
2002-06-18,5.5
2002-06-19,5.38
2002-06-20,5.15
2002-06-21,4.91
2002-06-22,4.71
2002-06-23,4.49
2002-06-24,4.26
2002-06-25,4.07
2002-06-26,3.99
2002-06-27,3.82
2002-06-28,3.71
2002-06-29,3.55
2002-06-30,3.38
2002-07-01,3.23
2002-07-02,3.11
2002-07-03,2.94
2002-07-04,2.9
2002-07-05,2.82
2002-07-06,2.76
2002-07-07,2.69
2002-07-08,2.63
2002-07-09,2.57
2002-07-10,2.45
2002-07-11,2.42
2002-07-12,2.37
2002-07-13,2.38
2002-07-14,2.31
2002-07-15,2.21
2002-07-16,2.21
2002-07-17,2.2
2002-07-18,2.39
2002-07-19,2.42
2002-07-20,2.29
2002-07-21,2.17
2002-07-22,2.05
2002-07-23,1.98
2002-07-24,1.93
2002-07-25,1.91
2002-07-26,1.91
2002-07-27,1.88
2002-07-28,1.85
2002-07-29,1.82
2002-07-30,1.79
2002-07-31,1.79
2002-08-01,1.78
2002-08-02,1.77
2002-08-03,1.77
2002-08-04,1.76
2002-08-05,1.72
2002-08-06,1.76
2002-08-07,1.75
2002-08-08,1.69
2002-08-09,1.66
2002-08-10,1.63
2002-08-11,1.6
2002-08-12,1.61
2002-08-13,1.59
2002-08-14,1.57
2002-08-15,1.57
2002-08-16,1.56
2002-08-17,1.55
2002-08-18,1.53
2002-08-19,1.54
2002-08-20,1.56
2002-08-21,1.63
2002-08-22,1.62
2002-08-23,1.62
2002-08-24,1.6
2002-08-25,1.59
2002-08-26,1.58
2002-08-27,1.58
2002-08-28,1.58
2002-08-29,1.57
2002-08-30,1.57
2002-08-31,1.56
2002-09-01,1.56
2002-09-02,1.54
2002-09-03,1.53
2002-09-04,1.52
2002-09-05,1.54
2002-09-06,1.64
2002-09-07,1.67
2002-09-08,1.66
2002-09-09,1.65
2002-09-10,1.59
2002-09-11,1.57
2002-09-12,1.56
2002-09-13,1.55
2002-09-14,1.54
2002-09-15,1.53
2002-09-16,1.56
2002-09-17,1.58
2002-09-18,1.61
2002-09-19,1.59
2002-09-20,1.56
2002-09-21,1.56
2002-09-22,1.55
2002-09-23,1.54
2002-09-24,1.54
2002-09-25,1.55
2002-09-26,1.55
2002-09-27,1.56
2002-09-28,1.6
2002-09-29,1.63
2002-09-30,1.68
2002-10-01,1.7
2002-10-02,1.7
2002-10-03,1.71
2002-10-04,1.76
2002-10-05,1.74
2002-10-06,1.7
2002-10-07,1.7
2002-10-08,1.7
2002-10-09,1.7
2002-10-10,1.7
2002-10-11,1.7
2002-10-12,1.7
2002-10-13,1.7
2002-10-14,1.7
2002-10-15,1.7
2002-10-16,1.7
2002-10-17,1.7
2002-10-18,1.7
2002-10-19,1.7
2002-10-20,1.72
2002-10-21,1.77
2002-10-22,1.8
2002-10-23,1.81
2002-10-24,1.82
2002-10-25,1.81
2002-10-26,1.85
2002-10-27,1.9
2002-10-28,1.9
2002-10-29,1.9
2002-10-30,1.9
2002-10-31,1.87
2002-11-01,1.86
2002-11-02,1.9
2002-11-03,1.92
2002-11-04,1.9
2002-11-05,1.92
2002-11-06,1.95
2002-11-07,3.97
2002-11-08,18.2
2002-11-09,7.37
2002-11-10,4.33
2002-11-11,3.84
2002-11-12,4.02
2002-11-13,4.5
2002-11-14,3.72
2002-11-15,3.23
2002-11-16,3.09
2002-11-17,3.01
2002-11-18,2.88
2002-11-19,2.78
2002-11-20,2.78
2002-11-21,2.92
2002-11-22,3.08
2002-11-23,3.1
2002-11-24,2.94
2002-11-25,2.72
2002-11-26,2.57
2002-11-27,2.53
2002-11-28,2.48
2002-11-29,2.43
2002-11-30,2.44
2002-12-01,2.44
2002-12-02,2.4
2002-12-03,2.4
2002-12-04,2.4
2002-12-05,2.4
2002-12-06,2.4
2002-12-07,2.4
2002-12-08,2.33
2002-12-09,2.4
2002-12-10,2.43
2002-12-11,2.43
2002-12-12,2.41
2002-12-13,8.11
2002-12-14,18.9
2002-12-15,7.0
2002-12-16,4.17
2002-12-17,5.76
2002-12-18,5.09
2002-12-19,4.27
2002-12-20,3.88
2002-12-21,3.71
2002-12-22,3.52
2002-12-23,3.36
2002-12-24,3.3
2002-12-25,3.24
2002-12-26,3.15
2002-12-27,5.53
2002-12-28,6.69
2002-12-29,5.26
2002-12-30,4.54
2002-12-31,4.3
2003-01-01,4.04
2003-01-02,3.86
2003-01-03,3.8
2003-01-04,3.87
2003-01-05,3.87
2003-01-06,3.8
2003-01-07,3.8
2003-01-08,3.6
2003-01-09,3.63
2003-01-10,3.68
2003-01-11,3.76
2003-01-12,3.74
2003-01-13,3.8
2003-01-14,3.71
2003-01-15,3.6
2003-01-16,3.55
2003-01-17,3.5
2003-01-18,3.5
2003-01-19,3.53
2003-01-20,3.55
2003-01-21,3.7
2003-01-22,4.26
2003-01-23,9.82
2003-01-24,9.32
2003-01-25,7.59
2003-01-26,7.14
2003-01-27,9.13
2003-01-28,10.4
2003-01-29,8.26
2003-01-30,7.57
2003-01-31,7.8
2003-02-01,8.92
2003-02-02,8.25
2003-02-03,7.41
2003-02-04,7.59
2003-02-05,7.21
2003-02-06,7.59
2003-02-07,6.7
2003-02-08,5.7
2003-02-09,5.31
2003-02-10,4.97
2003-02-11,4.66
2003-02-12,4.5
2003-02-13,5.25
2003-02-14,5.37
2003-02-15,5.07
2003-02-16,4.96
2003-02-17,4.67
2003-02-18,4.84
2003-02-19,4.5
2003-02-20,4.3
2003-02-21,4.28
2003-02-22,4.16
2003-02-23,4.1
2003-02-24,4.1
2003-02-25,4.07
2003-02-26,3.97
2003-02-27,3.95
2003-02-28,3.95
2003-03-01,3.89
2003-03-02,4.0
2003-03-03,3.78
2003-03-04,3.68
2003-03-05,3.67
2003-03-06,3.84
2003-03-07,3.96
2003-03-08,4.07
2003-03-09,4.21
2003-03-10,4.5
2003-03-11,5.25
2003-03-12,6.47
2003-03-13,9.72
2003-03-14,11.2
2003-03-15,13.9
2003-03-16,10.6
2003-03-17,8.88
2003-03-18,8.03
2003-03-19,7.75
2003-03-20,7.67
2003-03-21,7.85
2003-03-22,9.36
2003-03-23,17.1
2003-03-24,15.0
2003-03-25,15.3
2003-03-26,31.3
2003-03-27,24.9
2003-03-28,19.3
2003-03-29,18.7
2003-03-30,21.2
2003-03-31,24.9
2003-04-01,23.5
2003-04-02,17.5
2003-04-03,15.6
2003-04-04,14.0
2003-04-05,13.1
2003-04-06,12.2
2003-04-07,12.9
2003-04-08,15.6
2003-04-09,17.4
2003-04-10,18.7
2003-04-11,21.0
2003-04-12,19.7
2003-04-13,16.4
2003-04-14,16.0
2003-04-15,14.8
2003-04-16,13.6
2003-04-17,13.2
2003-04-18,12.9
2003-04-19,13.1
2003-04-20,14.1
2003-04-21,14.9
2003-04-22,13.7
2003-04-23,14.1
2003-04-24,15.3
2003-04-25,13.3
2003-04-26,13.1
2003-04-27,13.0
2003-04-28,13.1
2003-04-29,12.8
2003-04-30,12.5
2003-05-01,13.1
2003-05-02,14.5
2003-05-03,16.7
2003-05-04,19.7
2003-05-05,20.1
2003-05-06,20.1
2003-05-07,19.7
2003-05-08,19.4
2003-05-09,16.9
2003-05-10,17.8
2003-05-11,20.8
2003-05-12,25.4
2003-05-13,30.4
2003-05-14,36.6
2003-05-15,41.0
2003-05-16,39.7
2003-05-17,39.8
2003-05-18,38.9
2003-05-19,38.3
2003-05-20,40.3
2003-05-21,44.2
2003-05-22,48.7
2003-05-23,51.8
2003-05-24,53.9
2003-05-25,50.9
2003-05-26,48.5
2003-05-27,48.1
2003-05-28,48.8
2003-05-29,48.4
2003-05-30,46.7
2003-05-31,42.0
2003-06-01,38.7
2003-06-02,36.7
2003-06-03,34.6
2003-06-04,33.3
2003-06-05,31.4
2003-06-06,29.4
2003-06-07,28.3
2003-06-08,27.4
2003-06-09,25.7
2003-06-10,23.5
2003-06-11,21.6
2003-06-12,19.3
2003-06-13,17.2
2003-06-14,15.6
2003-06-15,14.2
2003-06-16,13.3
2003-06-17,12.9
2003-06-18,12.3
2003-06-19,11.4
2003-06-20,10.7
2003-06-21,10.0
2003-06-22,9.4
2003-06-23,9.89
2003-06-24,9.61
2003-06-25,8.49
2003-06-26,7.67
2003-06-27,7.2
2003-06-28,6.79
2003-06-29,6.36
2003-06-30,6.04
2003-07-01,5.74
2003-07-02,5.4
2003-07-03,5.17
2003-07-04,4.94
2003-07-05,4.72
2003-07-06,4.53
2003-07-07,4.33
2003-07-08,4.08
2003-07-09,3.88
2003-07-10,3.7
2003-07-11,3.48
2003-07-12,3.39
2003-07-13,3.28
2003-07-14,3.24
2003-07-15,3.11
2003-07-16,3.04
2003-07-17,2.93
2003-07-18,2.87
2003-07-19,2.75
2003-07-20,2.71
2003-07-21,2.69
2003-07-22,3.0
2003-07-23,3.85
2003-07-24,3.67
2003-07-25,3.02
2003-07-26,2.84
2003-07-27,2.79
2003-07-28,2.78
2003-07-29,2.59
2003-07-30,2.51
2003-07-31,2.78
2003-08-01,3.43
2003-08-02,4.17
2003-08-03,3.6
2003-08-04,2.8
2003-08-05,2.7
2003-08-06,2.59
2003-08-07,2.48
2003-08-08,2.38
2003-08-09,2.31
2003-08-10,2.24
2003-08-11,2.16
2003-08-12,2.13
2003-08-13,2.1
2003-08-14,2.08
2003-08-15,2.06
2003-08-16,2.02
2003-08-17,2.1
2003-08-18,1.9
2003-08-19,1.96
2003-08-20,1.99
2003-08-21,2.57
2003-08-22,2.87
2003-08-23,2.36
2003-08-24,2.18
2003-08-25,2.08
2003-08-26,2.29
2003-08-27,2.17
2003-08-28,2.02
2003-08-29,1.98
2003-08-30,1.95
2003-08-31,1.98
2003-09-01,2.01
2003-09-02,1.94
2003-09-03,1.91
2003-09-04,2.11
2003-09-05,2.02
2003-09-06,1.89
2003-09-07,1.84
2003-09-08,1.86
2003-09-09,1.86
2003-09-10,1.87
2003-09-11,1.87
2003-09-12,1.83
2003-09-13,1.8
2003-09-14,1.78
2003-09-15,1.77
2003-09-16,1.76
2003-09-17,1.76
2003-09-18,1.79
2003-09-19,1.78
2003-09-20,1.77
2003-09-21,1.76
2003-09-22,1.75
2003-09-23,1.75
2003-09-24,1.71
2003-09-25,1.68
2003-09-26,1.69
2003-09-27,1.69
2003-09-28,1.69
2003-09-29,1.69
2003-09-30,1.71
2003-10-01,1.71
2003-10-02,1.78
2003-10-03,1.98
2003-10-04,1.86
2003-10-05,1.81
2003-10-06,1.8
2003-10-07,1.78
2003-10-08,1.77
2003-10-09,1.75
2003-10-10,1.74
2003-10-11,1.79
2003-10-12,1.79
2003-10-13,1.79
2003-10-14,1.8
2003-10-15,1.79
2003-10-16,1.79
2003-10-17,1.79
2003-10-18,1.78
2003-10-19,1.77
2003-10-20,1.79
2003-10-21,1.81
2003-10-22,1.83
2003-10-23,1.83
2003-10-24,1.82
2003-10-25,1.83
2003-10-26,1.83
2003-10-27,1.83
2003-10-28,1.83
2003-10-29,1.83
2003-10-30,1.86
2003-10-31,1.96
2003-11-01,2.04
2003-11-02,2.02
2003-11-03,2.04
2003-11-04,2.11
2003-11-05,2.14
2003-11-06,2.14
2003-11-07,2.19
2003-11-08,2.3
2003-11-09,2.47
2003-11-10,2.34
2003-11-11,2.24
2003-11-12,2.24
2003-11-13,2.29
2003-11-14,2.29
2003-11-15,2.37
2003-11-16,2.33
2003-11-17,2.32
2003-11-18,2.34
2003-11-19,2.36
2003-11-20,2.52
2003-11-21,2.41
2003-11-22,2.23
2003-11-23,2.13
2003-11-24,2.14
2003-11-25,2.14
2003-11-26,2.14
2003-11-27,2.14
2003-11-28,2.19
2003-11-29,2.37
2003-11-30,2.5
2003-12-01,2.52
2003-12-02,2.75
2003-12-03,2.52
2003-12-04,2.41
2003-12-05,3.66
2003-12-06,14.0
2003-12-07,10.6
2003-12-08,4.29
2003-12-09,3.41
2003-12-10,3.23
2003-12-11,3.03
2003-12-12,2.87
2003-12-13,2.98
2003-12-14,3.08
2003-12-15,2.95
2003-12-16,2.81
2003-12-17,2.74
2003-12-18,2.7
2003-12-19,2.74
2003-12-20,3.26
2003-12-21,3.31
2003-12-22,3.05
2003-12-23,3.0
2003-12-24,3.78
2003-12-25,3.66
2003-12-26,3.55
2003-12-27,3.48
2003-12-28,3.36
2003-12-29,3.31
2003-12-30,3.25
2003-12-31,3.0
2004-01-01,3.0
2004-01-02,3.0
2004-01-03,3.01
2004-01-04,3.0
2004-01-05,2.96
2004-01-06,2.87
2004-01-07,2.87
2004-01-08,3.38
2004-01-09,3.56
2004-01-10,3.46
2004-01-11,3.46
2004-01-12,3.46
2004-01-13,3.46
2004-01-14,3.39
2004-01-15,3.3
2004-01-16,3.22
2004-01-17,3.15
2004-01-18,3.15
2004-01-19,3.15
2004-01-20,3.13
2004-01-21,3.0
2004-01-22,3.0
2004-01-23,3.0
2004-01-24,3.0
2004-01-25,3.0
2004-01-26,3.0
2004-01-27,3.0
2004-01-28,2.91
2004-01-29,2.87
2004-01-30,2.88
2004-01-31,2.87
2004-02-01,2.87
2004-02-02,2.94
2004-02-03,2.9
2004-02-04,2.87
2004-02-05,3.0
2004-02-06,2.87
2004-02-07,2.87
2004-02-08,3.0
2004-02-09,2.87
2004-02-10,2.85
2004-02-11,2.81
2004-02-12,2.81
2004-02-13,2.77
2004-02-14,2.74
2004-02-15,2.74
2004-02-16,7.83
2004-02-17,14.4
2004-02-18,8.29
2004-02-19,6.07
2004-02-20,5.22
2004-02-21,4.75
2004-02-22,4.44
2004-02-23,4.17
2004-02-24,4.06
2004-02-25,4.45
2004-02-26,4.45
2004-02-27,4.01
2004-02-28,3.79
2004-02-29,3.75
2004-03-01,3.62
2004-03-02,3.6
2004-03-03,3.49
2004-03-04,3.46
2004-03-05,3.55
2004-03-06,3.87
2004-03-07,4.4
2004-03-08,5.11
2004-03-09,6.01
2004-03-10,6.84
2004-03-11,7.12
2004-03-12,7.46
2004-03-13,8.04
2004-03-14,9.0
2004-03-15,10.2
2004-03-16,10.9
2004-03-17,11.6
2004-03-18,13.0
2004-03-19,15.3
2004-03-20,16.6
2004-03-21,18.8
2004-03-22,20.7
2004-03-23,22.0
2004-03-24,20.7
2004-03-25,17.6
2004-03-26,14.6
2004-03-27,13.5
2004-03-28,14.1
2004-03-29,17.3
2004-03-30,21.0
2004-03-31,22.0
2004-04-01,19.3
2004-04-02,17.8
2004-04-03,21.1
2004-04-04,24.7
2004-04-05,27.5
2004-04-06,26.8
2004-04-07,26.0
2004-04-08,27.4
2004-04-09,27.6
2004-04-10,27.0
2004-04-11,26.8
2004-04-12,28.0
2004-04-13,28.0
2004-04-14,25.0
2004-04-15,22.8
2004-04-16,19.9
2004-04-17,18.4
2004-04-18,16.9
2004-04-19,15.5
2004-04-20,16.5
2004-04-21,16.4
2004-04-22,15.7
2004-04-23,16.0
2004-04-24,17.6
2004-04-25,19.3
2004-04-26,21.7
2004-04-27,24.7
2004-04-28,25.0
2004-04-29,21.9
2004-04-30,20.9
2004-05-01,21.5
2004-05-02,22.5
2004-05-03,23.2
2004-05-04,24.1
2004-05-05,24.1
2004-05-06,22.7
2004-05-07,20.7
2004-05-08,19.4
2004-05-09,18.0
2004-05-10,17.5
2004-05-11,19.0
2004-05-12,16.3
2004-05-13,14.8
2004-05-14,13.9
2004-05-15,13.3
2004-05-16,12.8
2004-05-17,12.2
2004-05-18,11.5
2004-05-19,11.1
2004-05-20,10.7
2004-05-21,10.3
2004-05-22,10.3
2004-05-23,9.78
2004-05-24,9.24
2004-05-25,8.91
2004-05-26,8.55
2004-05-27,9.09
2004-05-28,13.0
2004-05-29,10.2
2004-05-30,9.23
2004-05-31,8.82
2004-06-01,8.55
2004-06-02,8.18
2004-06-03,7.81
2004-06-04,7.34
2004-06-05,6.95
2004-06-06,6.79
2004-06-07,6.59
2004-06-08,6.32
2004-06-09,6.54
2004-06-10,6.21
2004-06-11,5.78
2004-06-12,5.38
2004-06-13,5.05
2004-06-14,4.96
2004-06-15,4.8
2004-06-16,4.81
2004-06-17,4.65
2004-06-18,4.48
2004-06-19,4.28
2004-06-20,4.09
2004-06-21,3.98
2004-06-22,3.82
2004-06-23,3.65
2004-06-24,3.52
2004-06-25,3.42
2004-06-26,3.32
2004-06-27,3.27
2004-06-28,3.3
2004-06-29,3.27
2004-06-30,3.26
2004-07-01,3.39
2004-07-02,3.3
2004-07-03,3.08
2004-07-04,2.87
2004-07-05,2.74
2004-07-06,2.63
2004-07-07,2.56
2004-07-08,2.5
2004-07-09,2.47
2004-07-10,2.42
2004-07-11,2.36
2004-07-12,2.31
2004-07-13,2.25
2004-07-14,2.2
2004-07-15,2.16
2004-07-16,2.16
2004-07-17,2.14
2004-07-18,2.09
2004-07-19,2.08
2004-07-20,2.07
2004-07-21,1.96
2004-07-22,1.86
2004-07-23,1.85
2004-07-24,1.84
2004-07-25,1.81
2004-07-26,1.8
2004-07-27,1.79
2004-07-28,1.76
2004-07-29,1.73
2004-07-30,1.74
2004-07-31,1.73
2004-08-01,1.73
2004-08-02,1.71
2004-08-03,1.71
2004-08-04,1.7
2004-08-05,1.68
2004-08-06,1.68
2004-08-07,1.68
2004-08-08,1.65
2004-08-09,1.63
2004-08-10,1.61
2004-08-11,1.61
2004-08-12,1.6
2004-08-13,1.55
2004-08-14,1.58
2004-08-15,1.61
2004-08-16,1.66
2004-08-17,1.6
2004-08-18,1.58
2004-08-19,1.58
2004-08-20,1.57
2004-08-21,1.57
2004-08-22,1.58
2004-08-23,1.6
2004-08-24,1.59
2004-08-25,1.57
2004-08-26,1.62
2004-08-27,1.63
2004-08-28,1.61
2004-08-29,1.58
2004-08-30,1.55
2004-08-31,1.53
2004-09-01,1.5
2004-09-02,1.52
2004-09-03,1.58
2004-09-04,1.61
2004-09-05,1.6
2004-09-06,1.56
2004-09-07,1.55
2004-09-08,1.54
2004-09-09,1.54
2004-09-10,1.53
2004-09-11,1.52
2004-09-12,1.52
2004-09-13,1.53
2004-09-14,1.57
2004-09-15,1.59
2004-09-16,1.58
2004-09-17,1.57
2004-09-18,1.56
2004-09-19,1.63
2004-09-20,1.88
2004-09-21,1.8
2004-09-22,1.75
2004-09-23,1.7
2004-09-24,1.67
2004-09-25,1.63
2004-09-26,1.61
2004-09-27,1.63
2004-09-28,1.63
2004-09-29,1.66
2004-09-30,1.73
2004-10-01,1.7
2004-10-02,1.67
2004-10-03,1.68
2004-10-04,1.67
2004-10-05,1.65
2004-10-06,1.68
2004-10-07,1.67
2004-10-08,1.66
2004-10-09,1.66
2004-10-10,1.68
2004-10-11,1.72
2004-10-12,1.71
2004-10-13,1.7
2004-10-14,1.69
2004-10-15,1.68
2004-10-16,1.69
2004-10-17,3.57
2004-10-18,3.1
2004-10-19,2.62
2004-10-20,2.74
2004-10-21,2.55
2004-10-22,2.61
2004-10-23,2.81
2004-10-24,2.9
2004-10-25,2.69
2004-10-26,2.72
2004-10-27,2.51
2004-10-28,2.45
2004-10-29,2.48
2004-10-30,2.56
2004-10-31,2.51
2004-11-01,2.38
2004-11-02,2.46
2004-11-03,2.57
2004-11-04,2.59
2004-11-05,2.55
2004-11-06,2.56
2004-11-07,2.57
2004-11-08,2.76
2004-11-09,3.03
2004-11-10,3.26
2004-11-11,3.37
2004-11-12,3.13
2004-11-13,3.03
2004-11-14,2.9
2004-11-15,2.76
2004-11-16,2.81
2004-11-17,2.87
2004-11-18,2.81
2004-11-19,2.73
2004-11-20,2.55
2004-11-21,2.42
2004-11-22,2.38
2004-11-23,2.32
2004-11-24,2.3
2004-11-25,2.39
2004-11-26,2.37
2004-11-27,2.55
2004-11-28,2.44
2004-11-29,2.45
2004-11-30,2.51
2004-12-01,2.37
2004-12-02,2.34
2004-12-03,2.28
2004-12-04,2.34
2004-12-05,2.37
2004-12-06,2.37
2004-12-07,2.57
2004-12-08,3.83
2004-12-09,3.83
2004-12-10,3.58
2004-12-11,3.63
2004-12-12,3.54
2004-12-13,3.57
2004-12-14,3.42
2004-12-15,3.16
2004-12-16,2.99
2004-12-17,2.87
2004-12-18,2.82
2004-12-19,2.74
2004-12-20,2.74
2004-12-21,2.64
2004-12-22,2.61
2004-12-23,2.52
2004-12-24,2.55
2004-12-25,2.53
2004-12-26,2.49
2004-12-27,2.49
2004-12-28,2.55
2004-12-29,2.6
2004-12-30,2.51
2004-12-31,2.62
2005-01-01,2.67
2005-01-02,2.67
2005-01-03,2.73
2005-01-04,2.72
2005-01-05,2.61
2005-01-06,2.61
2005-01-07,2.76
2005-01-08,2.77
2005-01-09,2.82
2005-01-10,2.82
2005-01-11,2.77
2005-01-12,2.65
2005-01-13,2.73
2005-01-14,2.71
2005-01-15,2.67
2005-01-16,2.74
2005-01-17,2.74
2005-01-18,2.74
2005-01-19,2.79
2005-01-20,2.87
2005-01-21,2.88
2005-01-22,2.92
2005-01-23,3.0
2005-01-24,3.0
2005-01-25,3.23
2005-01-26,3.58
2005-01-27,3.65
2005-01-28,3.43
2005-01-29,3.22
2005-01-30,3.15
2005-01-31,3.05
2005-02-01,3.0
2005-02-02,3.0
2005-02-03,3.0
2005-02-04,3.0
2005-02-05,3.0
2005-02-06,3.0
2005-02-07,3.0
2005-02-08,2.98
2005-02-09,2.87
2005-02-10,2.9
2005-02-11,2.92
2005-02-12,2.94
2005-02-13,3.0
2005-02-14,3.13
2005-02-15,3.1
2005-02-16,3.0
2005-02-17,3.0
2005-02-18,3.0
2005-02-19,3.02
2005-02-20,3.01
2005-02-21,3.0
2005-02-22,3.05
2005-02-23,3.12
2005-02-24,3.19
2005-02-25,3.21
2005-02-26,3.2
2005-02-27,3.16
2005-02-28,3.24
2005-03-01,3.21
2005-03-02,3.35
2005-03-03,3.3
2005-03-04,3.3
2005-03-05,3.4
2005-03-06,3.61
2005-03-07,3.92
2005-03-08,4.49
2005-03-09,5.31
2005-03-10,6.49
2005-03-11,7.38
2005-03-12,8.15
2005-03-13,8.02
2005-03-14,6.9
2005-03-15,6.28
2005-03-16,5.9
2005-03-17,5.38
2005-03-18,5.1
2005-03-19,5.79
2005-03-20,5.64
2005-03-21,5.05
2005-03-22,6.55
2005-03-23,5.9
2005-03-24,5.14
2005-03-25,4.88
2005-03-26,5.08
2005-03-27,7.38
2005-03-28,9.36
2005-03-29,7.23
2005-03-30,6.45
2005-03-31,6.42
2005-04-01,7.36
2005-04-02,8.76
2005-04-03,9.0
2005-04-04,7.77
2005-04-05,8.55
2005-04-06,11.6
2005-04-07,13.1
2005-04-08,10.8
2005-04-09,9.58
2005-04-10,9.14
2005-04-11,10.7
2005-04-12,12.4
2005-04-13,11.8
2005-04-14,10.9
2005-04-15,12.4
2005-04-16,17.1
2005-04-17,23.2
2005-04-18,20.8
2005-04-19,16.1
2005-04-20,15.5
2005-04-21,18.3
2005-04-22,22.2
2005-04-23,23.4
2005-04-24,22.0
2005-04-25,23.6
2005-04-26,27.6
2005-04-27,32.8
2005-04-28,28.9
2005-04-29,28.7
2005-04-30,31.7
2005-05-01,32.9
2005-05-02,33.3
2005-05-03,37.5
2005-05-04,39.6
2005-05-05,44.0
2005-05-06,39.4
2005-05-07,40.5
2005-05-08,46.4
2005-05-09,58.3
2005-05-10,39.0
2005-05-11,37.3
2005-05-12,40.3
2005-05-13,47.0
2005-05-14,55.0
2005-05-15,64.6
2005-05-16,80.5
2005-05-17,58.8
2005-05-18,119.0
2005-05-19,181.0
2005-05-20,135.0
2005-05-21,101.0
2005-05-22,92.7
2005-05-23,86.3
2005-05-24,78.2
2005-05-25,74.4
2005-05-26,73.2
2005-05-27,72.2
2005-05-28,67.8
2005-05-29,58.6
2005-05-30,53.1
2005-05-31,50.8
2005-06-01,49.3
2005-06-02,44.2
2005-06-03,40.0
2005-06-04,37.7
2005-06-05,35.1
2005-06-06,31.8
2005-06-07,29.3
2005-06-08,30.8
2005-06-09,31.3
2005-06-10,27.5
2005-06-11,25.7
2005-06-12,24.0
2005-06-13,22.8
2005-06-14,22.5
2005-06-15,21.7
2005-06-16,20.9
2005-06-17,23.6
2005-06-18,19.8
2005-06-19,17.5
2005-06-20,15.6
2005-06-21,14.9
2005-06-22,13.9
2005-06-23,13.3
2005-06-24,12.9
2005-06-25,12.4
2005-06-26,11.8
2005-06-27,11.3
2005-06-28,10.8
2005-06-29,10.5
2005-06-30,10.0
2005-07-01,9.78
2005-07-02,9.26
2005-07-03,8.69
2005-07-04,8.26
2005-07-05,7.92
2005-07-06,7.63
2005-07-07,7.31
2005-07-08,6.94
2005-07-09,6.82
2005-07-10,6.43
2005-07-11,6.07
2005-07-12,5.63
2005-07-13,5.34
2005-07-14,5.12
2005-07-15,4.88
2005-07-16,4.65
2005-07-17,4.44
2005-07-18,4.28
2005-07-19,4.14
2005-07-20,3.96
2005-07-21,4.0
2005-07-22,3.81
2005-07-23,3.63
2005-07-24,3.49
2005-07-25,3.43
2005-07-26,3.31
2005-07-27,3.21
2005-07-28,3.14
2005-07-29,3.13
2005-07-30,3.01
2005-07-31,2.93
2005-08-01,2.85
2005-08-02,2.82
2005-08-03,2.76
2005-08-04,2.7
2005-08-05,2.62
2005-08-06,2.6
2005-08-07,2.55
2005-08-08,2.55
2005-08-09,2.5
2005-08-10,2.44
2005-08-11,2.37
2005-08-12,2.35
2005-08-13,2.32
2005-08-14,2.31
2005-08-15,2.42
2005-08-16,2.56
2005-08-17,2.39
2005-08-18,2.3
2005-08-19,2.26
2005-08-20,2.22
2005-08-21,2.19
2005-08-22,2.16
2005-08-23,2.13
2005-08-24,2.14
2005-08-25,2.13
2005-08-26,2.09
2005-08-27,2.1
2005-08-28,2.08
2005-08-29,2.02
2005-08-30,2.04
2005-08-31,2.06
2005-09-01,2.04
2005-09-02,2.02
2005-09-03,2.01
2005-09-04,2.01
2005-09-05,2.02
2005-09-06,2.02
2005-09-07,2.02
2005-09-08,2.02
2005-09-09,2.08
2005-09-10,2.09
2005-09-11,2.16
2005-09-12,2.16
2005-09-13,2.14
2005-09-14,2.1
2005-09-15,2.09
2005-09-16,2.08
2005-09-17,2.08
2005-09-18,2.09
2005-09-19,2.09
2005-09-20,2.07
2005-09-21,2.06
2005-09-22,2.03
2005-09-23,2.01
2005-09-24,2.08
2005-09-25,2.1
2005-09-26,2.16
2005-09-27,2.58
2005-09-28,2.23
2005-09-29,2.14
2005-09-30,2.11
2005-10-01,2.07
2005-10-02,2.1
2005-10-03,2.12
2005-10-04,2.15
2005-10-05,2.16
2005-10-06,2.17
2005-10-07,2.16
2005-10-08,2.18
2005-10-09,2.15
2005-10-10,2.15
2005-10-11,2.15
2005-10-12,2.14
2005-10-13,2.14
2005-10-14,2.11
2005-10-15,2.33
2005-10-16,2.3
2005-10-17,2.21
2005-10-18,2.19
2005-10-19,2.17
2005-10-20,2.17
2005-10-21,2.16
2005-10-22,2.16
2005-10-23,2.16
2005-10-24,2.31
2005-10-25,2.89
2005-10-26,2.98
2005-10-27,3.25
2005-10-28,2.99
2005-10-29,4.16
2005-10-30,2.81
2005-10-31,2.57
2005-11-01,2.46
2005-11-02,2.57
2005-11-03,2.64
2005-11-04,3.24
2005-11-05,2.79
2005-11-06,2.65
2005-11-07,2.87
2005-11-08,4.2
2005-11-09,3.03
2005-11-10,2.78
2005-11-11,2.63
2005-11-12,2.59
2005-11-13,2.59
2005-11-14,2.55
2005-11-15,2.49
2005-11-16,2.48
2005-11-17,2.47
2005-11-18,2.43
2005-11-19,2.42
2005-11-20,2.44
2005-11-21,2.45
2005-11-22,2.43
2005-11-23,2.43
2005-11-24,2.46
2005-11-25,4.84
2005-11-26,3.56
2005-11-27,2.98
2005-11-28,2.82
2005-11-29,4.71
2005-11-30,4.43
2005-12-01,45.8
2005-12-02,25.0
2005-12-03,7.57
2005-12-04,5.57
2005-12-05,4.62
2005-12-06,4.09
2005-12-07,3.66
2005-12-08,3.63
2005-12-09,3.48
2005-12-10,3.32
2005-12-11,3.13
2005-12-12,3.04
2005-12-13,2.94
2005-12-14,2.89
2005-12-15,2.79
2005-12-16,3.05
2005-12-17,2.8
2005-12-18,4.6
2005-12-19,11.7
2005-12-20,8.56
2005-12-21,28.5
2005-12-22,96.4
2005-12-23,36.5
2005-12-24,19.5
2005-12-25,17.4
2005-12-26,14.5
2005-12-27,16.1
2005-12-28,54.8
2005-12-29,28.0
2005-12-30,86.3
2005-12-31,350.0
2006-01-01,106.0
2006-01-02,76.4
2006-01-03,48.1
2006-01-04,38.3
2006-01-05,33.7
2006-01-06,30.1
2006-01-07,26.9
2006-01-08,23.4
2006-01-09,21.0
2006-01-10,19.3
2006-01-11,18.2
2006-01-12,18.0
2006-01-13,16.6
2006-01-14,15.8
2006-01-15,14.4
2006-01-16,14.0
2006-01-17,13.1
2006-01-18,12.2
2006-01-19,11.2
2006-01-20,10.2
2006-01-21,8.79
2006-01-22,8.06
2006-01-23,7.52
2006-01-24,6.65
2006-01-25,6.05
2006-01-26,5.31
2006-01-27,5.25
2006-01-28,5.34
2006-01-29,5.57
2006-01-30,7.47
2006-01-31,8.63
2006-02-01,9.42
2006-02-02,16.0
2006-02-03,13.4
2006-02-04,13.5
2006-02-05,12.4
2006-02-06,11.9
2006-02-07,10.3
2006-02-08,10.4
2006-02-09,10.2
2006-02-10,9.56
2006-02-11,9.25
2006-02-12,9.24
2006-02-13,9.31
2006-02-14,9.3
2006-02-15,9.23
2006-02-16,8.88
2006-02-17,8.32
2006-02-18,8.08
2006-02-19,8.03
2006-02-20,7.02
2006-02-21,5.78
2006-02-22,5.63
2006-02-23,5.63
2006-02-24,5.63
2006-02-25,5.63
2006-02-26,5.65
2006-02-27,51.7
2006-02-28,97.5
2006-03-01,49.2
2006-03-02,36.6
2006-03-03,29.9
2006-03-04,27.0
2006-03-05,24.8
2006-03-06,23.0
2006-03-07,21.1
2006-03-08,19.7
2006-03-09,18.9
2006-03-10,18.0
2006-03-11,16.7
2006-03-12,14.7
2006-03-13,13.0
2006-03-14,12.4
2006-03-15,12.2
2006-03-16,11.7
2006-03-17,11.4
2006-03-18,11.6
2006-03-19,11.5
2006-03-20,11.4
2006-03-21,11.1
2006-03-22,10.9
2006-03-23,11.1
2006-03-24,12.0
2006-03-25,17.6
2006-03-26,14.8
2006-03-27,15.0
2006-03-28,14.4
2006-03-29,12.9
2006-03-30,12.4
2006-03-31,12.3
2006-04-01,11.9
2006-04-02,11.3
2006-04-03,31.7
2006-04-04,28.2
2006-04-05,22.5
2006-04-06,20.6
2006-04-07,22.4
2006-04-08,21.9
2006-04-09,19.8
2006-04-10,19.2
2006-04-11,18.8
2006-04-12,24.7
2006-04-13,28.2
2006-04-14,34.7
2006-04-15,36.5
2006-04-16,28.4
2006-04-17,27.6
2006-04-18,26.1
2006-04-19,26.4
2006-04-20,31.0
2006-04-21,35.9
2006-04-22,41.3
2006-04-23,47.8
2006-04-24,60.9
2006-04-25,60.8
2006-04-26,79.1
2006-04-27,86.3
2006-04-28,98.0
2006-04-29,113.0
2006-04-30,122.0
2006-05-01,122.0
2006-05-02,119.0
2006-05-03,111.0
2006-05-04,106.0
2006-05-05,104.0
2006-05-06,103.0
2006-05-07,103.0
2006-05-08,108.0
2006-05-09,105.0
2006-05-10,99.7
2006-05-11,106.0
2006-05-12,109.0
2006-05-13,111.0
2006-05-14,108.0
2006-05-15,107.0
2006-05-16,110.0
2006-05-17,111.0
2006-05-18,117.0
2006-05-19,111.0
2006-05-20,111.0
2006-05-21,103.0
2006-05-22,92.2
2006-05-23,78.0
2006-05-24,73.2
2006-05-25,66.9
2006-05-26,60.1
2006-05-27,60.1
2006-05-28,51.6
2006-05-29,47.0
2006-05-30,43.7
2006-05-31,41.9
2006-06-01,40.7
2006-06-02,40.2
2006-06-03,40.0
2006-06-04,40.4
2006-06-05,39.9
2006-06-06,39.1
2006-06-07,38.2
2006-06-08,36.4
2006-06-09,34.7
2006-06-10,32.6
2006-06-11,30.9
2006-06-12,30.0
2006-06-13,28.9
2006-06-14,26.8
2006-06-15,25.2
2006-06-16,24.0
2006-06-17,23.4
2006-06-18,22.6
2006-06-19,21.7
2006-06-20,20.5
2006-06-21,19.2
2006-06-22,18.5
2006-06-23,17.8
2006-06-24,17.4
2006-06-25,16.8
2006-06-26,16.6
2006-06-27,17.4
2006-06-28,18.2
2006-06-29,15.9
2006-06-30,14.4
2006-07-01,13.4
2006-07-02,12.5
2006-07-03,11.6
2006-07-04,10.9
2006-07-05,10.3
2006-07-06,9.83
2006-07-07,9.27
2006-07-08,9.2
2006-07-09,8.79
2006-07-10,8.28
2006-07-11,7.78
2006-07-12,7.39
2006-07-13,7.06
2006-07-14,6.75
2006-07-15,6.47
2006-07-16,6.21
2006-07-17,6.01
2006-07-18,5.77
2006-07-19,5.67
2006-07-20,5.5
2006-07-21,5.65
2006-07-22,5.39
2006-07-23,5.14
2006-07-24,4.91
2006-07-25,4.68
2006-07-26,4.51
2006-07-27,4.37
2006-07-28,4.22
2006-07-29,4.14
2006-07-30,4.04
2006-07-31,4.03
2006-08-01,4.04
2006-08-02,3.96
2006-08-03,3.84
2006-08-04,3.73
2006-08-05,3.68
2006-08-06,3.63
2006-08-07,3.59
2006-08-08,3.43
2006-08-09,3.41
2006-08-10,3.29
2006-08-11,3.24
2006-08-12,3.22
2006-08-13,3.2
2006-08-14,3.13
2006-08-15,3.1
2006-08-16,3.06
2006-08-17,3.06
2006-08-18,3.0
2006-08-19,2.96
2006-08-20,2.93
2006-08-21,2.83
2006-08-22,2.79
2006-08-23,2.72
2006-08-24,2.7
2006-08-25,2.74
2006-08-26,2.73
2006-08-27,2.69
2006-08-28,2.63
2006-08-29,2.59
2006-08-30,2.58
2006-08-31,2.6
2006-09-01,2.57
2006-09-02,2.56
2006-09-03,2.54
2006-09-04,2.52
2006-09-05,2.46
2006-09-06,2.44
2006-09-07,2.45
2006-09-08,2.46
2006-09-09,2.46
2006-09-10,2.46
2006-09-11,2.45
2006-09-12,2.42
2006-09-13,2.43
2006-09-14,2.47
2006-09-15,2.61
2006-09-16,2.74
2006-09-17,2.68
2006-09-18,2.62
2006-09-19,2.55
2006-09-20,2.6
2006-09-21,2.65
2006-09-22,2.63
2006-09-23,2.66
2006-09-24,2.63
2006-09-25,2.6
2006-09-26,2.59
2006-09-27,2.55
2006-09-28,2.5
2006-09-29,2.48
2006-09-30,2.47
2006-10-01,2.44
2006-10-02,2.72
2006-10-03,2.72
2006-10-04,2.68
2006-10-05,3.02
2006-10-06,3.08
2006-10-07,3.12
2006-10-08,2.86
2006-10-09,2.81
2006-10-10,2.82
2006-10-11,2.83
2006-10-12,2.79
2006-10-13,2.75
2006-10-14,2.72
2006-10-15,2.71
2006-10-16,2.75
2006-10-17,2.82
2006-10-18,2.82
2006-10-19,2.81
2006-10-20,2.8
2006-10-21,2.76
2006-10-22,2.77
2006-10-23,2.76
2006-10-24,2.76
2006-10-25,2.74
2006-10-26,2.76
2006-10-27,2.79
2006-10-28,2.79
2006-10-29,2.77
2006-10-30,2.78
2006-10-31,2.78
2006-11-01,2.82
2006-11-02,4.23
2006-11-03,4.4
2006-11-04,3.4
2006-11-05,3.15
2006-11-06,3.02
2006-11-07,2.97
2006-11-08,3.97
2006-11-09,3.41
2006-11-10,3.12
2006-11-11,3.34
2006-11-12,3.25
2006-11-13,6.28
2006-11-14,8.43
2006-11-15,4.49
2006-11-16,3.98
2006-11-17,3.77
2006-11-18,3.56
2006-11-19,3.4
2006-11-20,3.27
2006-11-21,4.31
2006-11-22,4.1
2006-11-23,3.66
2006-11-24,3.41
2006-11-25,3.37
2006-11-26,3.33
2006-11-27,3.49
2006-11-28,3.45
2006-11-29,3.5
2006-11-30,3.37
2006-12-01,3.38
2006-12-02,3.3
2006-12-03,3.3
2006-12-04,3.27
2006-12-05,3.3
2006-12-06,3.3
2006-12-07,3.3
2006-12-08,3.35
2006-12-09,4.09
2006-12-10,3.85
2006-12-11,3.62
2006-12-12,4.31
2006-12-13,5.19
2006-12-14,5.84
2006-12-15,6.03
2006-12-16,4.46
2006-12-17,4.09
2006-12-18,4.0
2006-12-19,4.03
2006-12-20,3.8
2006-12-21,3.67
2006-12-22,3.66
2006-12-23,3.62
2006-12-24,3.53
2006-12-25,3.46
2006-12-26,3.57
2006-12-27,3.73
2006-12-28,3.55
2006-12-29,3.6
2006-12-30,3.46
2006-12-31,3.46
2007-01-01,3.4
2007-01-02,3.35
2007-01-03,3.59
2007-01-04,7.77
2007-01-05,5.2
2007-01-06,4.8
2007-01-07,4.1
2007-01-08,4.0
2007-01-09,3.8
2007-01-10,3.79
2007-01-11,3.8
2007-01-12,3.68
2007-01-13,3.62
2007-01-14,3.66
2007-01-15,3.58
2007-01-16,3.54
2007-01-17,3.48
2007-01-18,3.39
2007-01-19,3.34
2007-01-20,3.31
2007-01-21,3.31
2007-01-22,3.29
2007-01-23,3.23
2007-01-24,3.18
2007-01-25,3.09
2007-01-26,3.06
2007-01-27,3.06
2007-01-28,3.08
2007-01-29,3.06
2007-01-30,3.04
2007-01-31,3.06
2007-02-01,3.1
2007-02-02,3.13
2007-02-03,3.13
2007-02-04,3.21
2007-02-05,3.21
2007-02-06,3.28
2007-02-07,3.31
2007-02-08,3.96
2007-02-09,9.15
2007-02-10,13.3
2007-02-11,11.6
2007-02-12,6.93
2007-02-13,5.63
2007-02-14,5.3
2007-02-15,4.8
2007-02-16,4.83
2007-02-17,5.01
2007-02-18,5.13
2007-02-19,4.9
2007-02-20,4.62
2007-02-21,4.48
2007-02-22,4.31
2007-02-23,4.33
2007-02-24,4.14
2007-02-25,4.07
2007-02-26,4.02
2007-02-27,4.02
2007-02-28,3.99
2007-03-01,3.96
2007-03-02,3.82
2007-03-03,3.85
2007-03-04,3.9
2007-03-05,4.05
2007-03-06,4.31
2007-03-07,4.67
2007-03-08,4.84
2007-03-09,4.81
2007-03-10,5.02
2007-03-11,5.59
2007-03-12,6.74
2007-03-13,7.91
2007-03-14,8.87
2007-03-15,9.45
2007-03-16,10.5
2007-03-17,11.9
2007-03-18,12.3
2007-03-19,12.2
2007-03-20,11.9
2007-03-21,10.7
2007-03-22,9.8
2007-03-23,10.3
2007-03-24,11.8
2007-03-25,13.1
2007-03-26,12.8
2007-03-27,10.8
2007-03-28,9.29
2007-03-29,9.02
2007-03-30,9.51
2007-03-31,10.8
2007-04-01,12.9
2007-04-02,13.0
2007-04-03,14.0
2007-04-04,16.2
2007-04-05,15.4
2007-04-06,16.6
2007-04-07,18.1
2007-04-08,18.2
2007-04-09,17.6
2007-04-10,15.2
2007-04-11,14.0
2007-04-12,12.7
2007-04-13,11.7
2007-04-14,11.7
2007-04-15,10.6
2007-04-16,10.4
2007-04-17,10.9
2007-04-18,10.7
2007-04-19,9.7
2007-04-20,9.59
2007-04-21,9.17
2007-04-22,9.65
2007-04-23,11.4
2007-04-24,11.3
2007-04-25,11.6
2007-04-26,12.1
2007-04-27,13.4
2007-04-28,15.2
2007-04-29,16.3
2007-04-30,16.3
2007-05-01,15.3
2007-05-02,16.5
2007-05-03,14.4
2007-05-04,13.2
2007-05-05,11.6
2007-05-06,11.1
2007-05-07,11.5
2007-05-08,11.9
2007-05-09,11.8
2007-05-10,11.5
2007-05-11,11.0
2007-05-12,10.6
2007-05-13,9.83
2007-05-14,9.23
2007-05-15,8.68
2007-05-16,8.5
2007-05-17,8.07
2007-05-18,7.69
2007-05-19,7.44
2007-05-20,7.27
2007-05-21,7.0
2007-05-22,6.53
2007-05-23,6.17
2007-05-24,6.01
2007-05-25,5.88
2007-05-26,5.7
2007-05-27,5.57
2007-05-28,5.29
2007-05-29,5.05
2007-05-30,4.93
2007-05-31,5.0
2007-06-01,4.89
2007-06-02,4.68
2007-06-03,4.33
2007-06-04,4.09
2007-06-05,4.2
2007-06-06,4.62
2007-06-07,4.26
2007-06-08,3.97
2007-06-09,3.76
2007-06-10,3.59
2007-06-11,3.44
2007-06-12,3.25
2007-06-13,3.1
2007-06-14,3.0
2007-06-15,2.87
2007-06-16,2.78
2007-06-17,2.74
2007-06-18,2.64
2007-06-19,2.57
2007-06-20,2.48
2007-06-21,2.41
2007-06-22,2.37
2007-06-23,2.34
2007-06-24,2.32
2007-06-25,2.29
2007-06-26,2.25
2007-06-27,2.2
2007-06-28,2.17
2007-06-29,2.14
2007-06-30,2.11
2007-07-01,2.03
2007-07-02,2.02
2007-07-03,1.99
2007-07-04,1.98
2007-07-05,1.89
2007-07-06,1.86
2007-07-07,1.86
2007-07-08,1.88
2007-07-09,1.85
2007-07-10,2.03
2007-07-11,2.1
2007-07-12,1.95
2007-07-13,1.87
2007-07-14,1.84
2007-07-15,1.79
2007-07-16,1.78
2007-07-17,1.78
2007-07-18,1.84
2007-07-19,1.86
2007-07-20,1.78
2007-07-21,1.75
2007-07-22,1.74
2007-07-23,1.72
2007-07-24,1.73
2007-07-25,1.71
2007-07-26,1.67
2007-07-27,1.65
2007-07-28,1.7
2007-07-29,1.71
2007-07-30,1.7
2007-07-31,1.7
2007-08-01,1.71
2007-08-02,1.7
2007-08-03,1.67
2007-08-04,1.65
2007-08-05,1.66
2007-08-06,1.69
2007-08-07,1.7
2007-08-08,1.71
2007-08-09,1.68
2007-08-10,1.66
2007-08-11,1.65
2007-08-12,1.64
2007-08-13,1.63
2007-08-14,1.61
2007-08-15,1.61
2007-08-16,1.59
2007-08-17,1.6
2007-08-18,1.6
2007-08-19,1.62
2007-08-20,1.63
2007-08-21,1.62
2007-08-22,1.62
2007-08-23,1.63
2007-08-24,1.62
2007-08-25,1.57
2007-08-26,1.57
2007-08-27,1.59
2007-08-28,1.71
2007-08-29,1.79
2007-08-30,1.73
2007-08-31,1.75
2007-09-01,1.73
2007-09-02,1.66
2007-09-03,1.64
2007-09-04,1.62
2007-09-05,1.66
2007-09-06,1.68
2007-09-07,1.65
2007-09-08,1.64
2007-09-09,1.64
2007-09-10,1.64
2007-09-11,1.64
2007-09-12,1.64
2007-09-13,1.63
2007-09-14,1.67
2007-09-15,1.7
2007-09-16,1.71
2007-09-17,1.71
2007-09-18,1.71
2007-09-19,1.71
2007-09-20,1.89
2007-09-21,1.8
2007-09-22,1.88
2007-09-23,1.9
2007-09-24,1.84
2007-09-25,1.83
2007-09-26,1.81
2007-09-27,1.8
2007-09-28,1.85
2007-09-29,2.08
2007-09-30,2.02
2007-10-01,2.13
2007-10-02,2.0
2007-10-03,1.91
2007-10-04,1.9
2007-10-05,2.07
2007-10-06,2.16
2007-10-07,2.18
2007-10-08,2.13
2007-10-09,2.08
2007-10-10,2.41
2007-10-11,2.33
2007-10-12,2.37
2007-10-13,2.29
2007-10-14,2.14
2007-10-15,2.1
2007-10-16,2.18
2007-10-17,2.44
2007-10-18,2.33
2007-10-19,2.85
2007-10-20,3.98
2007-10-21,2.49
2007-10-22,2.33
2007-10-23,2.25
2007-10-24,2.22
2007-10-25,2.16
2007-10-26,2.14
2007-10-27,2.14
2007-10-28,2.23
2007-10-29,2.67
2007-10-30,2.46
2007-10-31,2.35
2007-11-01,2.26
2007-11-02,2.25
2007-11-03,2.25
2007-11-04,2.24
2007-11-05,2.25
2007-11-06,2.25
2007-11-07,2.25
2007-11-08,2.27
2007-11-09,2.25
2007-11-10,2.34
2007-11-11,3.01
2007-11-12,2.61
2007-11-13,2.49
2007-11-14,2.47
2007-11-15,2.38
2007-11-16,2.37
2007-11-17,2.32
2007-11-18,2.31
2007-11-19,2.53
2007-11-20,2.48
2007-11-21,2.34
2007-11-22,2.3
2007-11-23,2.2
2007-11-24,2.2
2007-11-25,2.3
2007-11-26,2.29
2007-11-27,2.31
2007-11-28,2.23
2007-11-29,2.31
2007-11-30,2.29
2007-12-01,2.21
2007-12-02,2.14
2007-12-03,2.2
2007-12-04,2.56
2007-12-05,2.51
2007-12-06,2.46
2007-12-07,2.46
2007-12-08,2.49
2007-12-09,2.44
2007-12-10,2.43
2007-12-11,2.36
2007-12-12,2.38
2007-12-13,2.37
2007-12-14,2.38
2007-12-15,2.37
2007-12-16,2.37
2007-12-17,2.42
2007-12-18,2.49
2007-12-19,2.5
2007-12-20,2.5
2007-12-21,2.47
2007-12-22,2.45
2007-12-23,2.48
2007-12-24,2.5
2007-12-25,2.48
2007-12-26,2.48
2007-12-27,2.52
2007-12-28,2.49
2007-12-29,2.49
2007-12-30,2.47
2007-12-31,2.39
2008-01-01,2.38
2008-01-02,2.42
2008-01-03,2.47
2008-01-04,5.05
2008-01-05,5.24
2008-01-06,4.13
2008-01-07,3.5
2008-01-08,3.26
2008-01-09,3.03
2008-01-10,3.14
2008-01-11,3.22
2008-01-12,3.02
2008-01-13,2.93
2008-01-14,2.87
2008-01-15,2.87
2008-01-16,2.82
2008-01-17,2.81
2008-01-18,2.74
2008-01-19,2.73
2008-01-20,2.74
2008-01-21,2.73
2008-01-22,2.61
2008-01-23,2.61
2008-01-24,2.68
2008-01-25,2.68
2008-01-26,2.62
2008-01-27,2.67
2008-01-28,2.68
2008-01-29,2.66
2008-01-30,2.63
2008-01-31,2.69
2008-02-01,2.74
2008-02-02,2.7
2008-02-03,2.67
2008-02-04,2.65
2008-02-05,2.63
2008-02-06,2.66
2008-02-07,2.69
2008-02-08,2.7
2008-02-09,2.7
2008-02-10,2.79
2008-02-11,2.82
2008-02-12,2.9
2008-02-13,2.97
2008-02-14,2.87
2008-02-15,2.84
2008-02-16,2.83
2008-02-17,2.92
2008-02-18,2.96
2008-02-19,2.98
2008-02-20,2.89
2008-02-21,2.89
2008-02-22,2.9
2008-02-23,2.87
2008-02-24,2.94
2008-02-25,2.84
2008-02-26,2.91
2008-02-27,3.12
2008-02-28,3.38
2008-02-29,3.71
2008-03-01,4.0
2008-03-02,3.53
2008-03-03,3.38
2008-03-04,3.51
2008-03-05,3.47
2008-03-06,3.3
2008-03-07,3.34
2008-03-08,3.42
2008-03-09,3.52
2008-03-10,3.88
2008-03-11,4.51
2008-03-12,4.74
2008-03-13,7.1
2008-03-14,6.23
2008-03-15,5.02
2008-03-16,4.35
2008-03-17,4.13
2008-03-18,4.43
2008-03-19,4.79
2008-03-20,4.7
2008-03-21,4.67
2008-03-22,4.83
2008-03-23,5.3
2008-03-24,6.02
2008-03-25,7.31
2008-03-26,7.5
2008-03-27,6.61
2008-03-28,6.45
2008-03-29,6.6
2008-03-30,6.55
2008-03-31,6.31
2008-04-01,6.02
2008-04-02,5.87
2008-04-03,6.96
2008-04-04,7.89
2008-04-05,8.14
2008-04-06,8.48
2008-04-07,8.25
2008-04-08,7.75
2008-04-09,7.6
2008-04-10,8.45
2008-04-11,9.9
2008-04-12,12.1
2008-04-13,15.1
2008-04-14,17.1
2008-04-15,13.8
2008-04-16,12.0
2008-04-17,13.8
2008-04-18,17.1
2008-04-19,17.3
2008-04-20,13.9
2008-04-21,12.0
2008-04-22,11.9
2008-04-23,11.7
2008-04-24,11.4
2008-04-25,13.3
2008-04-26,16.8
2008-04-27,20.6
2008-04-28,23.2
2008-04-29,23.7
2008-04-30,19.4
2008-05-01,17.0
2008-05-02,16.8
2008-05-03,17.9
2008-05-04,18.7
2008-05-05,20.0
2008-05-06,23.3
2008-05-07,24.6
2008-05-08,23.0
2008-05-09,22.6
2008-05-10,22.7
2008-05-11,23.9
2008-05-12,22.3
2008-05-13,19.7
2008-05-14,21.1
2008-05-15,24.0
2008-05-16,24.9
2008-05-17,25.1
2008-05-18,25.4
2008-05-19,23.1
2008-05-20,21.3
2008-05-21,19.2
2008-05-22,16.4
2008-05-23,15.0
2008-05-24,14.4
2008-05-25,13.3
2008-05-26,13.0
2008-05-27,11.4
2008-05-28,10.5
2008-05-29,9.82
2008-05-30,9.39
2008-05-31,9.28
2008-06-01,8.69
2008-06-02,8.15
2008-06-03,7.82
2008-06-04,7.67
2008-06-05,7.13
2008-06-06,6.86
2008-06-07,6.5
2008-06-08,6.2
2008-06-09,6.02
2008-06-10,5.89
2008-06-11,5.49
2008-06-12,5.24
2008-06-13,5.0
2008-06-14,4.83
2008-06-15,4.66
2008-06-16,4.43
2008-06-17,4.21
2008-06-18,4.02
2008-06-19,3.86
2008-06-20,3.68
2008-06-21,3.55
2008-06-22,3.43
2008-06-23,3.31
2008-06-24,3.19
2008-06-25,3.07
2008-06-26,3.0
2008-06-27,2.91
2008-06-28,2.79
2008-06-29,2.68
2008-06-30,2.61
2008-07-01,2.53
2008-07-02,2.48
2008-07-03,2.41
2008-07-04,2.38
2008-07-05,2.33
2008-07-06,2.31
2008-07-07,2.24
2008-07-08,2.17
2008-07-09,2.14
2008-07-10,2.1
2008-07-11,2.11
2008-07-12,2.09
2008-07-13,2.09
2008-07-14,2.04
2008-07-15,1.99
2008-07-16,1.95
2008-07-17,1.9
2008-07-18,1.89
2008-07-19,1.87
2008-07-20,1.9
2008-07-21,1.92
2008-07-22,1.86
2008-07-23,1.82
2008-07-24,1.79
2008-07-25,1.77
2008-07-26,1.73
2008-07-27,1.7
2008-07-28,1.68
2008-07-29,1.67
2008-07-30,1.67
2008-07-31,1.66
2008-08-01,1.64
2008-08-02,1.6
2008-08-03,1.6
2008-08-04,1.59
2008-08-05,1.58
2008-08-06,1.53
2008-08-07,1.5
2008-08-08,1.47
2008-08-09,1.46
2008-08-10,1.46
2008-08-11,1.45
2008-08-12,1.43
2008-08-13,1.42
2008-08-14,1.41
2008-08-15,1.4
2008-08-16,1.43
2008-08-17,1.43
2008-08-18,1.41
2008-08-19,1.44
2008-08-20,1.45
2008-08-21,1.44
2008-08-22,1.42
2008-08-23,1.4
2008-08-24,1.38
2008-08-25,1.37
2008-08-26,1.38
2008-08-27,1.39
2008-08-28,1.38
2008-08-29,1.37
2008-08-30,1.35
2008-08-31,1.33
2008-09-01,1.4
2008-09-02,1.44
2008-09-03,1.42
2008-09-04,1.41
2008-09-05,1.4
2008-09-06,1.39
2008-09-07,1.38
2008-09-08,1.38
2008-09-09,1.38
2008-09-10,1.39
2008-09-11,1.4
2008-09-12,1.4
2008-09-13,1.4
2008-09-14,1.39
2008-09-15,1.38
2008-09-16,1.4
2008-09-17,1.43
2008-09-18,1.42
2008-09-19,1.43
2008-09-20,1.44
2008-09-21,1.46
2008-09-22,1.47
2008-09-23,1.45
2008-09-24,1.43
2008-09-25,1.43
2008-09-26,1.43
2008-09-27,1.43
2008-09-28,1.44
2008-09-29,1.45
2008-09-30,1.46
2008-10-01,1.44
2008-10-02,1.46
2008-10-03,1.62
2008-10-04,2.36
2008-10-05,1.71
2008-10-06,1.61
2008-10-07,1.57
2008-10-08,1.56
2008-10-09,1.55
2008-10-10,1.61
2008-10-11,1.64
2008-10-12,1.65
2008-10-13,1.66
2008-10-14,1.66
2008-10-15,1.65
2008-10-16,1.64
2008-10-17,1.64
2008-10-18,1.64
2008-10-19,1.64
2008-10-20,1.64
2008-10-21,1.64
2008-10-22,1.64
2008-10-23,1.66
2008-10-24,1.64
2008-10-25,1.64
2008-10-26,1.64
2008-10-27,1.64
2008-10-28,1.64
2008-10-29,1.64
2008-10-30,1.65
2008-10-31,2.01
2008-11-01,5.77
2008-11-02,7.77
2008-11-03,3.24
2008-11-04,2.77
2008-11-05,2.46
2008-11-06,2.51
2008-11-07,2.53
2008-11-08,2.68
2008-11-09,3.02
2008-11-10,2.57
2008-11-11,2.44
2008-11-12,2.57
2008-11-13,2.51
2008-11-14,2.39
2008-11-15,2.27
2008-11-16,2.25
2008-11-17,2.18
2008-11-18,2.14
2008-11-19,2.14
2008-11-20,2.14
2008-11-21,2.12
2008-11-22,2.11
2008-11-23,2.09
2008-11-24,2.08
2008-11-25,2.14
2008-11-26,2.18
2008-11-27,2.34
2008-11-28,2.23
2008-11-29,2.16
2008-11-30,2.13
2008-12-01,2.13
2008-12-02,2.14
2008-12-03,2.05
2008-12-04,2.04
2008-12-05,2.02
2008-12-06,2.0
2008-12-07,1.99
2008-12-08,2.04
2008-12-09,1.92
2008-12-10,1.98
2008-12-11,2.02
2008-12-12,2.08
2008-12-13,2.09
2008-12-14,2.1
2008-12-15,2.18
2008-12-16,2.1
2008-12-17,2.13
2008-12-18,2.2
2008-12-19,2.24
2008-12-20,2.16
2008-12-21,2.22
2008-12-22,2.27
2008-12-23,2.22
2008-12-24,2.26
2008-12-25,2.58
2008-12-26,2.25
2008-12-27,2.22
2008-12-28,2.27
2008-12-29,2.27
2008-12-30,2.25
2008-12-31,2.25
2009-01-01,2.25
2009-01-02,2.49
2009-01-03,2.38
2009-01-04,2.4
2009-01-05,2.37
2009-01-06,2.41
2009-01-07,2.45
2009-01-08,2.49
2009-01-09,2.41
2009-01-10,2.36
2009-01-11,2.34
2009-01-12,2.36
2009-01-13,2.36
2009-01-14,2.36
2009-01-15,2.35
2009-01-16,2.34
2009-01-17,2.31
2009-01-18,2.27
2009-01-19,2.26
2009-01-20,2.27
2009-01-21,2.3
2009-01-22,3.45
2009-01-23,4.58
2009-01-24,5.28
2009-01-25,4.27
2009-01-26,3.49
2009-01-27,3.27
2009-01-28,2.99
2009-01-29,2.88
2009-01-30,2.79
2009-01-31,2.74
2009-02-01,2.67
2009-02-02,2.64
2009-02-03,2.66
2009-02-04,2.68
2009-02-05,2.72
2009-02-06,2.64
2009-02-07,2.61
2009-02-08,2.63
2009-02-09,2.59
2009-02-10,2.72
2009-02-11,2.52
2009-02-12,2.5
2009-02-13,2.51
2009-02-14,2.53
2009-02-15,2.56
2009-02-16,2.53
2009-02-17,2.49
2009-02-18,2.49
2009-02-19,2.5
2009-02-20,2.54
2009-02-21,2.57
2009-02-22,5.34
2009-02-23,11.9
2009-02-24,11.7
2009-02-25,6.82
2009-02-26,5.4
2009-02-27,4.74
2009-02-28,4.45
2009-03-01,5.89
2009-03-02,16.5
2009-03-03,11.1
2009-03-04,7.56
2009-03-05,6.12
2009-03-06,5.42
2009-03-07,5.08
2009-03-08,4.78
2009-03-09,4.57
2009-03-10,4.61
2009-03-11,4.27
2009-03-12,4.2
2009-03-13,4.26
2009-03-14,4.33
2009-03-15,4.37
2009-03-16,5.76
2009-03-17,6.87
2009-03-18,7.19
2009-03-19,7.91
2009-03-20,8.8
2009-03-21,8.84
2009-03-22,7.71
2009-03-23,6.79
2009-03-24,6.38
2009-03-25,6.61
2009-03-26,7.2
2009-03-27,7.42
2009-03-28,8.6
2009-03-29,9.54
2009-03-30,8.73
2009-03-31,8.68
2009-04-01,9.97
2009-04-02,11.2
2009-04-03,10.4
2009-04-04,9.05
2009-04-05,9.21
2009-04-06,10.4
2009-04-07,11.8
2009-04-08,11.2
2009-04-09,9.8
2009-04-10,10.0
2009-04-11,11.2
2009-04-12,13.1
2009-04-13,15.8
2009-04-14,14.5
2009-04-15,11.6
2009-04-16,11.3
2009-04-17,13.2
2009-04-18,16.3
2009-04-19,19.6
2009-04-20,23.5
2009-04-21,27.5
2009-04-22,30.8
2009-04-23,31.5
2009-04-24,26.1
2009-04-25,20.3
2009-04-26,18.9
2009-04-27,18.5
2009-04-28,17.3
2009-04-29,16.2
2009-04-30,15.6
2009-05-01,31.2
2009-05-02,49.9
2009-05-03,58.5
2009-05-04,43.2
2009-05-05,79.9
2009-05-06,52.0
2009-05-07,45.1
2009-05-08,40.0
2009-05-09,37.2
2009-05-10,34.8
2009-05-11,33.7
2009-05-12,31.0
2009-05-13,27.9
2009-05-14,27.2
2009-05-15,26.4
2009-05-16,24.3
2009-05-17,23.3
2009-05-18,22.9
2009-05-19,21.9
2009-05-20,20.2
2009-05-21,18.5
2009-05-22,17.4
2009-05-23,16.6
2009-05-24,15.4
2009-05-25,14.3
2009-05-26,13.9
2009-05-27,13.0
2009-05-28,12.6
2009-05-29,12.8
2009-05-30,12.1
2009-05-31,11.5
2009-06-01,10.6
2009-06-02,12.0
2009-06-03,11.5
2009-06-04,11.2
2009-06-05,10.2
2009-06-06,9.86
2009-06-07,9.13
2009-06-08,8.29
2009-06-09,7.72
2009-06-10,7.16
2009-06-11,6.91
2009-06-12,6.66
2009-06-13,7.06
2009-06-14,6.5
2009-06-15,6.17
2009-06-16,6.04
2009-06-17,5.82
2009-06-18,5.5
2009-06-19,5.29
2009-06-20,5.37
2009-06-21,4.97
2009-06-22,4.79
2009-06-23,4.56
2009-06-24,4.29
2009-06-25,4.03
2009-06-26,3.87
2009-06-27,3.71
2009-06-28,3.52
2009-06-29,3.39
2009-06-30,3.31
2009-07-01,3.26
2009-07-02,3.16
2009-07-03,3.04
2009-07-04,2.91
2009-07-05,2.83
2009-07-06,2.75
2009-07-07,2.69
2009-07-08,2.63
2009-07-09,2.59
2009-07-10,2.52
2009-07-11,2.44
2009-07-12,2.41
2009-07-13,2.37
2009-07-14,2.32
2009-07-15,2.27
2009-07-16,2.12
2009-07-17,2.06
2009-07-18,2.02
2009-07-19,1.97
2009-07-20,1.93
2009-07-21,1.9
2009-07-22,1.88
2009-07-23,1.85
2009-07-24,1.82
2009-07-25,1.79
2009-07-26,1.78
2009-07-27,1.75
2009-07-28,1.77
2009-07-29,1.92
2009-07-30,1.94
2009-07-31,1.82
2009-08-01,1.76
2009-08-02,1.68
2009-08-03,1.63
2009-08-04,1.58
2009-08-05,1.58
2009-08-06,1.72
2009-08-07,1.86
2009-08-08,1.75
2009-08-09,1.67
2009-08-10,1.61
2009-08-11,1.55
2009-08-12,1.52
2009-08-13,1.51
2009-08-14,1.5
2009-08-15,1.52
2009-08-16,1.51
2009-08-17,1.48
2009-08-18,1.46
2009-08-19,1.45
2009-08-20,1.42
2009-08-21,1.41
2009-08-22,1.4
2009-08-23,1.44
2009-08-24,1.45
2009-08-25,1.45
2009-08-26,1.4
2009-08-27,1.38
2009-08-28,1.38
2009-08-29,1.37
2009-08-30,1.37
2009-08-31,1.36
2009-09-01,1.37
2009-09-02,1.37
2009-09-03,1.37
2009-09-04,1.37
2009-09-05,1.35
2009-09-06,1.35
2009-09-07,1.38
2009-09-08,1.39
2009-09-09,1.38
2009-09-10,1.36
2009-09-11,1.35
2009-09-12,1.39
2009-09-13,1.43
2009-09-14,1.42
2009-09-15,1.42
2009-09-16,1.39
2009-09-17,1.37
2009-09-18,1.35
2009-09-19,1.36
2009-09-20,1.35
2009-09-21,1.35
2009-09-22,1.35
2009-09-23,1.35
2009-09-24,1.35
2009-09-25,1.35
2009-09-26,1.34
2009-09-27,1.34
2009-09-28,1.35
2009-09-29,1.37
2009-09-30,1.43
2009-10-01,1.46
2009-10-02,1.45
2009-10-03,1.46
2009-10-04,1.53
2009-10-05,1.55
2009-10-06,1.55
2009-10-07,1.58
2009-10-08,1.58
2009-10-09,1.57
2009-10-10,1.56
2009-10-11,1.57
2009-10-12,1.6
2009-10-13,7.29
2009-10-14,6.01
2009-10-15,2.81
2009-10-16,2.28
2009-10-17,2.04
2009-10-18,1.91
2009-10-19,2.02
2009-10-20,2.0
2009-10-21,1.91
2009-10-22,1.88
2009-10-23,1.8
2009-10-24,1.8
2009-10-25,1.8
2009-10-26,1.8
2009-10-27,1.8
2009-10-28,1.81
2009-10-29,1.85
2009-10-30,1.91
2009-10-31,1.84
2009-11-01,1.82
2009-11-02,1.81
2009-11-03,1.81
2009-11-04,1.81
2009-11-05,1.8
2009-11-06,1.85
2009-11-07,1.91
2009-11-08,1.86
2009-11-09,1.86
2009-11-10,1.91
2009-11-11,1.88
2009-11-12,1.97
2009-11-13,1.91
2009-11-14,1.91
2009-11-15,1.86
2009-11-16,1.93
2009-11-17,1.91
2009-11-18,1.96
2009-11-19,1.92
2009-11-20,1.98
2009-11-21,2.02
2009-11-22,2.1
2009-11-23,2.03
2009-11-24,2.02
2009-11-25,2.02
2009-11-26,2.01
2009-11-27,2.08
2009-11-28,2.02
2009-11-29,2.02
2009-11-30,2.01
2009-12-01,2.01
2009-12-02,2.03
2009-12-03,1.99
2009-12-04,1.95
2009-12-05,1.97
2009-12-06,1.96
2009-12-07,2.12
2009-12-08,2.1
2009-12-09,2.08
2009-12-10,2.07
2009-12-11,2.05
2009-12-12,2.26
2009-12-13,2.39
2009-12-14,2.05
2009-12-15,2.02
2009-12-16,2.08
2009-12-17,2.12
2009-12-18,2.09
2009-12-19,2.1
2009-12-20,2.13
2009-12-21,2.26
2009-12-22,2.23
2009-12-23,2.16
2009-12-24,2.28
2009-12-25,2.13
2009-12-26,2.09
2009-12-27,2.08
2009-12-28,2.07
2009-12-29,2.11
2009-12-30,2.12
2009-12-31,2.08
2010-01-01,2.18
2010-01-02,2.14
2010-01-03,2.13
2010-01-04,2.13
2010-01-05,2.13
2010-01-06,2.13
2010-01-07,2.22
2010-01-08,2.3
2010-01-09,2.46
2010-01-10,2.63
2010-01-11,2.58
2010-01-12,4.01
2010-01-13,5.35
2010-01-14,3.62
2010-01-15,3.15
2010-01-16,2.93
2010-01-17,2.81
2010-01-18,2.81
2010-01-19,2.79
2010-01-20,2.69
2010-01-21,2.74
2010-01-22,2.6
2010-01-23,2.5
2010-01-24,2.47
2010-01-25,2.63
2010-01-26,2.79
2010-01-27,2.78
2010-01-28,2.63
2010-01-29,2.63
2010-01-30,2.63
2010-01-31,2.51
2010-02-01,2.5
2010-02-02,2.5
2010-02-03,2.52
2010-02-04,2.5
2010-02-05,2.53
2010-02-06,2.5
2010-02-07,2.5
2010-02-08,2.5
2010-02-09,2.5
2010-02-10,2.5
2010-02-11,2.5
2010-02-12,2.5
2010-02-13,2.54
2010-02-14,2.55
2010-02-15,2.71
2010-02-16,2.88
2010-02-17,3.09
2010-02-18,3.21
2010-02-19,3.21
2010-02-20,3.06
2010-02-21,2.93
2010-02-22,2.81
2010-02-23,2.77
2010-02-24,3.09
2010-02-25,2.95
2010-02-26,3.13
2010-02-27,3.42
2010-02-28,3.28
2010-03-01,3.24
2010-03-02,3.3
2010-03-03,3.17
2010-03-04,3.02
2010-03-05,2.91
2010-03-06,2.9
2010-03-07,2.9
2010-03-08,2.9
2010-03-09,2.79
2010-03-10,2.79
2010-03-11,2.91
2010-03-12,2.9
2010-03-13,2.86
2010-03-14,2.87
2010-03-15,2.93
2010-03-16,3.39
2010-03-17,3.81
2010-03-18,4.15
2010-03-19,4.4
2010-03-20,4.61
2010-03-21,5.3
2010-03-22,5.73
2010-03-23,5.84
2010-03-24,6.01
2010-03-25,5.94
2010-03-26,5.0
2010-03-27,4.92
2010-03-28,5.93
2010-03-29,9.56
2010-03-30,13.7
2010-03-31,8.46
2010-04-01,6.78
2010-04-02,6.02
2010-04-03,5.53
2010-04-04,5.16
2010-04-05,4.91
2010-04-06,4.69
2010-04-07,5.13
2010-04-08,6.39
2010-04-09,6.87
2010-04-10,6.82
2010-04-11,6.67
2010-04-12,6.14
2010-04-13,6.14
2010-04-14,6.53
2010-04-15,7.32
2010-04-16,9.93
2010-04-17,11.5
2010-04-18,13.9
2010-04-19,16.6
2010-04-20,20.3
2010-04-21,15.4
2010-04-22,12.3
2010-04-23,13.5
2010-04-24,18.4
2010-04-25,22.2
2010-04-26,25.4
2010-04-27,28.9
2010-04-28,23.6
2010-04-29,17.6
2010-04-30,16.1
2010-05-01,17.9
2010-05-02,19.7
2010-05-03,25.9
2010-05-04,36.3
2010-05-05,36.1
2010-05-06,31.7
2010-05-07,32.3
2010-05-08,35.1
2010-05-09,33.5
2010-05-10,27.9
2010-05-11,22.5
2010-05-12,22.2
2010-05-13,23.4
2010-05-14,27.3
2010-05-15,34.4
2010-05-16,40.6
2010-05-17,42.2
2010-05-18,37.3
2010-05-19,38.6
2010-05-20,43.0
2010-05-21,37.3
2010-05-22,32.0
2010-05-23,27.8
2010-05-24,25.9
2010-05-25,26.2
2010-05-26,29.6
2010-05-27,29.4
2010-05-28,24.8
2010-05-29,24.6
2010-05-30,27.8
2010-05-31,31.5
2010-06-01,36.7
2010-06-02,39.4
2010-06-03,49.6
2010-06-04,54.0
2010-06-05,52.5
2010-06-06,55.0
2010-06-07,50.0
2010-06-08,43.6
2010-06-09,42.4
2010-06-10,36.5
2010-06-11,31.8
2010-06-12,29.8
2010-06-13,27.5
2010-06-14,26.2
2010-06-15,24.8
2010-06-16,22.7
2010-06-17,20.4
2010-06-18,19.0
2010-06-19,17.8
2010-06-20,16.7
2010-06-21,15.9
2010-06-22,15.3
2010-06-23,14.8
2010-06-24,14.2
2010-06-25,14.2
2010-06-26,13.5
2010-06-27,13.0
2010-06-28,12.8
2010-06-29,12.2
2010-06-30,11.3
2010-07-01,10.3
2010-07-02,9.54
2010-07-03,9.03
2010-07-04,8.4
2010-07-05,7.92
2010-07-06,7.56
2010-07-07,7.26
2010-07-08,6.9
2010-07-09,7.87
2010-07-10,7.34
2010-07-11,6.35
2010-07-12,5.87
2010-07-13,5.5
2010-07-14,5.22
2010-07-15,4.88
2010-07-16,4.61
2010-07-17,4.34
2010-07-18,4.08
2010-07-19,3.89
2010-07-20,3.74
2010-07-21,3.59
2010-07-22,3.47
2010-07-23,3.32
2010-07-24,3.16
2010-07-25,3.13
2010-07-26,3.04
2010-07-27,2.9
2010-07-28,2.74
2010-07-29,2.65
2010-07-30,2.57
2010-07-31,2.48
2010-08-01,2.44
2010-08-02,2.39
2010-08-03,2.33
2010-08-04,2.28
2010-08-05,2.24
2010-08-06,2.17
2010-08-07,2.17
2010-08-08,2.18
2010-08-09,2.16
2010-08-10,2.07
2010-08-11,1.99
2010-08-12,1.98
2010-08-13,1.94
2010-08-14,1.9
2010-08-15,1.86
2010-08-16,1.83
2010-08-17,1.78
2010-08-18,1.74
2010-08-19,1.74
2010-08-20,1.72
2010-08-21,1.67
2010-08-22,1.66
2010-08-23,1.67
2010-08-24,1.65
2010-08-25,1.61
2010-08-26,1.57
2010-08-27,1.55
2010-08-28,1.58
2010-08-29,1.95
2010-08-30,1.87
2010-08-31,1.81
2010-09-01,1.71
2010-09-02,1.65
2010-09-03,1.58
2010-09-04,1.56
2010-09-05,1.56
2010-09-06,1.57
2010-09-07,1.53
2010-09-08,1.62
2010-09-09,1.76
2010-09-10,1.71
2010-09-11,1.62
2010-09-12,1.59
2010-09-13,1.57
2010-09-14,1.56
2010-09-15,1.55
2010-09-16,1.54
2010-09-17,1.53
2010-09-18,1.52
2010-09-19,1.52
2010-09-20,1.55
2010-09-21,1.55
2010-09-22,1.55
2010-09-23,1.55
2010-09-24,1.53
2010-09-25,1.5
2010-09-26,1.49
2010-09-27,1.47
2010-09-28,1.46
2010-09-29,1.46
2010-09-30,1.45
2010-10-01,1.45
2010-10-02,1.52
2010-10-03,2.66
2010-10-04,3.89
2010-10-05,2.75
2010-10-06,2.94
2010-10-07,2.2
2010-10-08,2.0
2010-10-09,1.89
2010-10-10,1.83
2010-10-11,1.82
2010-10-12,1.79
2010-10-13,1.75
2010-10-14,1.73
2010-10-15,1.71
2010-10-16,1.7
2010-10-17,2.02
2010-10-18,2.37
2010-10-19,1.98
2010-10-20,1.87
2010-10-21,1.81
2010-10-22,1.82
2010-10-23,2.44
2010-10-24,38.3
2010-10-25,14.0
2010-10-26,5.74
2010-10-27,4.11
2010-10-28,3.5
2010-10-29,3.07
2010-10-30,2.93
2010-10-31,3.17
2010-11-01,2.85
2010-11-02,2.68
2010-11-03,2.6
2010-11-04,2.5
2010-11-05,2.46
2010-11-06,2.36
2010-11-07,5.48
2010-11-08,4.74
2010-11-09,3.77
2010-11-10,3.54
2010-11-11,3.28
2010-11-12,3.18
2010-11-13,3.04
2010-11-14,3.14
2010-11-15,3.29
2010-11-16,3.15
2010-11-17,2.94
2010-11-18,2.85
2010-11-19,2.91
2010-11-20,2.89
2010-11-21,2.97
2010-11-22,3.06
2010-11-23,3.13
2010-11-24,3.13
2010-11-25,3.1
2010-11-26,3.07
2010-11-27,3.17
2010-11-28,3.05
2010-11-29,2.99
2010-11-30,2.97
2010-12-01,3.04
2010-12-02,3.2
2010-12-03,5.87
2010-12-04,4.94
2010-12-05,5.98
2010-12-06,7.29
2010-12-07,5.69
2010-12-08,5.49
2010-12-09,7.17
2010-12-10,10.6
2010-12-11,9.46
2010-12-12,7.81
2010-12-13,6.75
2010-12-14,17.2
2010-12-15,12.4
2010-12-16,9.0
2010-12-17,7.93
2010-12-18,12.9
2010-12-19,20.4
2010-12-20,14.0
2010-12-21,10.3
2010-12-22,8.91
2010-12-23,7.89
2010-12-24,7.34
2010-12-25,7.03
2010-12-26,6.59
2010-12-27,6.2
2010-12-28,6.07
2010-12-29,6.12
2010-12-30,6.11
2010-12-31,5.84
2011-01-01,5.38
2011-01-02,5.1
2011-01-03,4.94
2011-01-04,4.81
2011-01-05,4.7
2011-01-06,4.56
2011-01-07,4.52
2011-01-08,4.51
2011-01-09,4.45
2011-01-10,4.32
2011-01-11,4.16
2011-01-12,4.16
2011-01-13,4.91
2011-01-14,4.97
2011-01-15,4.7
2011-01-16,5.14
2011-01-17,6.04
2011-01-18,6.01
2011-01-19,5.74
2011-01-20,5.5
2011-01-21,5.38
2011-01-22,5.32
2011-01-23,5.3
2011-01-24,5.19
2011-01-25,5.12
2011-01-26,5.09
2011-01-27,5.06
2011-01-28,5.09
2011-01-29,5.09
2011-01-30,5.06
2011-01-31,4.89
2011-02-01,4.97
2011-02-02,4.88
2011-02-03,4.74
2011-02-04,4.62
2011-02-05,4.66
2011-02-06,4.73
2011-02-07,4.84
2011-02-08,4.79
2011-02-09,4.76
2011-02-10,4.71
2011-02-11,4.64
2011-02-12,4.41
2011-02-13,4.42
2011-02-14,4.5
2011-02-15,4.52
2011-02-16,4.25
2011-02-17,4.42
2011-02-18,4.51
2011-02-19,4.62
2011-02-20,4.63
2011-02-21,4.2
2011-02-22,4.56
2011-02-23,4.69
2011-02-24,4.16
2011-02-25,4.03
2011-02-26,3.98
2011-02-27,3.92
2011-02-28,3.85
2011-03-01,3.89
2011-03-02,4.53
2011-03-03,4.55
2011-03-04,4.18
2011-03-05,4.24
2011-03-06,4.48
2011-03-07,4.49
2011-03-08,4.35
2011-03-09,4.5
2011-03-10,4.57
2011-03-11,4.63
2011-03-12,4.8
2011-03-13,5.0
2011-03-14,7.99
2011-03-15,12.1
2011-03-16,16.5
2011-03-17,11.4
2011-03-18,9.91
2011-03-19,9.19
2011-03-20,8.7
2011-03-21,8.03
2011-03-22,7.52
2011-03-23,7.3
2011-03-24,7.02
2011-03-25,7.12
2011-03-26,6.62
2011-03-27,6.38
2011-03-28,6.35
2011-03-29,6.59
2011-03-30,7.66
2011-03-31,9.57
2011-04-01,12.0
2011-04-02,17.1
2011-04-03,18.9
2011-04-04,17.6
2011-04-05,20.9
2011-04-06,22.8
2011-04-07,21.4
2011-04-08,18.2
2011-04-09,16.3
2011-04-10,15.4
2011-04-11,16.4
2011-04-12,17.6
2011-04-13,17.4
2011-04-14,15.7
2011-04-15,17.2
2011-04-16,22.8
2011-04-17,30.7
2011-04-18,48.5
2011-04-19,46.0
2011-04-20,48.0
2011-04-21,51.1
2011-04-22,43.6
2011-04-23,37.8
2011-04-24,39.1
2011-04-25,39.6
2011-04-26,38.7
2011-04-27,42.0
2011-04-28,48.2
2011-04-29,45.3
2011-04-30,42.5
2011-05-01,44.3
2011-05-02,50.7
2011-05-03,60.2
2011-05-04,66.6
2011-05-05,77.5
2011-05-06,90.9
2011-05-07,105.0
2011-05-08,98.8
2011-05-09,77.4
2011-05-10,71.4
2011-05-11,76.0
2011-05-12,85.3
2011-05-13,97.2
2011-05-14,101.0
2011-05-15,85.0
2011-05-16,67.9
2011-05-17,60.3
2011-05-18,54.5
2011-05-19,51.7
2011-05-20,58.5
2011-05-21,68.3
2011-05-22,73.7
2011-05-23,73.9
2011-05-24,76.5
2011-05-25,72.6
2011-05-26,66.2
2011-05-27,59.9
2011-05-28,57.5
2011-05-29,53.8
2011-05-30,49.9
2011-05-31,54.1
2011-06-01,55.3
2011-06-02,51.0
2011-06-03,49.6
2011-06-04,53.3
2011-06-05,68.9
2011-06-06,104.0
2011-06-07,84.6
2011-06-08,88.9
2011-06-09,93.2
2011-06-10,99.3
2011-06-11,102.0
2011-06-12,101.0
2011-06-13,108.0
2011-06-14,112.0
2011-06-15,114.0
2011-06-16,109.0
2011-06-17,101.0
2011-06-18,100.0
2011-06-19,102.0
2011-06-20,97.8
2011-06-21,100.0
2011-06-22,103.0
2011-06-23,102.0
2011-06-24,95.5
2011-06-25,87.3
2011-06-26,79.4
2011-06-27,76.5
2011-06-28,76.0
2011-06-29,94.7
2011-06-30,72.4
2011-07-01,66.5
2011-07-02,63.2
2011-07-03,60.1
2011-07-04,57.3
2011-07-05,54.9
2011-07-06,53.7
2011-07-07,52.3
2011-07-08,48.2
2011-07-09,44.3
2011-07-10,40.2
2011-07-11,36.8
2011-07-12,34.0
2011-07-13,31.7
2011-07-14,29.7
2011-07-15,27.9
2011-07-16,26.0
2011-07-17,24.2
2011-07-18,23.0
2011-07-19,21.8
2011-07-20,19.9
2011-07-21,18.2
2011-07-22,17.2
2011-07-23,16.3
2011-07-24,15.3
2011-07-25,14.4
2011-07-26,13.6
2011-07-27,12.8
2011-07-28,12.1
2011-07-29,11.5
2011-07-30,11.0
2011-07-31,10.7
2011-08-01,10.2
2011-08-02,9.62
2011-08-03,9.15
2011-08-04,8.82
2011-08-05,8.54
2011-08-06,8.22
2011-08-07,7.91
2011-08-08,7.57
2011-08-09,7.28
2011-08-10,7.02
2011-08-11,6.77
2011-08-12,6.53
2011-08-13,6.28
2011-08-14,6.04
2011-08-15,5.88
2011-08-16,5.75
2011-08-17,5.56
2011-08-18,5.38
2011-08-19,5.26
2011-08-20,5.19
2011-08-21,5.03
2011-08-22,4.86
2011-08-23,4.74
2011-08-24,4.58
2011-08-25,4.5
2011-08-26,4.41
2011-08-27,4.25
2011-08-28,4.14
2011-08-29,4.05
2011-08-30,4.01
2011-08-31,3.98
2011-09-01,3.96
2011-09-02,3.89
2011-09-03,3.79
2011-09-04,3.76
2011-09-05,3.65
2011-09-06,3.6
2011-09-07,3.55
2011-09-08,3.52
2011-09-09,3.49
2011-09-10,3.48
2011-09-11,3.84
2011-09-12,4.47
2011-09-13,4.84
2011-09-14,4.3
2011-09-15,4.01
2011-09-16,3.72
2011-09-17,3.61
2011-09-18,3.53
2011-09-19,3.45
2011-09-20,3.37
2011-09-21,3.31
2011-09-22,3.23
2011-09-23,3.17
2011-09-24,3.15
2011-09-25,3.15
2011-09-26,3.16
2011-09-27,3.15
2011-09-28,3.11
2011-09-29,3.05
2011-09-30,3.03
2011-10-01,3.01
2011-10-02,3.08
2011-10-03,3.18
2011-10-04,3.47
2011-10-05,6.62
2011-10-06,4.9
2011-10-07,5.15
2011-10-08,5.39
2011-10-09,5.12
2011-10-10,6.72
2011-10-11,5.93
2011-10-12,4.62
2011-10-13,4.22
2011-10-14,4.02
2011-10-15,3.76
2011-10-16,3.61
2011-10-17,3.57
2011-10-18,3.58
2011-10-19,3.57
2011-10-20,3.54
2011-10-21,3.46
2011-10-22,3.42
2011-10-23,3.43
2011-10-24,3.41
2011-10-25,3.43
2011-10-26,3.51
2011-10-27,3.58
2011-10-28,3.58
2011-10-29,3.56
2011-10-30,3.53
2011-10-31,3.52
2011-11-01,3.49
2011-11-02,3.49
2011-11-03,3.66
2011-11-04,3.76
2011-11-05,3.77
2011-11-06,3.98
2011-11-07,3.92
2011-11-08,3.89
2011-11-09,3.89
2011-11-10,3.96
2011-11-11,4.08
2011-11-12,4.39
2011-11-13,4.21
2011-11-14,4.03
2011-11-15,3.9
2011-11-16,3.86
2011-11-17,3.88
2011-11-18,3.94
2011-11-19,3.98
2011-11-20,4.08
2011-11-21,3.99
2011-11-22,3.99
2011-11-23,4.06
2011-11-24,4.04
2011-11-25,3.99
2011-11-26,3.94
2011-11-27,4.08
2011-11-28,4.2
2011-11-29,4.07
2011-11-30,3.89
2011-12-01,3.64
2011-12-02,3.64
2011-12-03,3.47
2011-12-04,3.46
2011-12-05,3.41
2011-12-06,3.42
2011-12-07,3.41
2011-12-08,3.46
2011-12-09,3.45
2011-12-10,3.43
2011-12-11,3.41
2011-12-12,3.45
2011-12-13,3.44
2011-12-14,3.4
2011-12-15,3.26
2011-12-16,3.34
2011-12-17,3.25
2011-12-18,3.29
2011-12-19,3.27
2011-12-20,3.24
2011-12-21,3.14
2011-12-22,3.04
2011-12-23,2.89
2011-12-24,2.8
2011-12-25,2.89
2011-12-26,3.04
2011-12-27,3.11
2011-12-28,3.45
2011-12-29,3.78
2011-12-30,3.83
2011-12-31,3.55
2012-01-01,3.45
2012-01-02,3.47
2012-01-03,3.53
2012-01-04,3.49
2012-01-05,3.54
2012-01-06,3.45
2012-01-07,3.34
2012-01-08,3.24
2012-01-09,3.27
2012-01-10,3.19
2012-01-11,3.18
2012-01-12,3.07
2012-01-13,3.04
2012-01-14,3.04
2012-01-15,3.03
2012-01-16,3.05
2012-01-17,3.03
2012-01-18,2.74
2012-01-19,2.95
2012-01-20,14.2
2012-01-21,19.5
2012-01-22,7.06
2012-01-23,5.48
2012-01-24,5.37
2012-01-25,5.48
2012-01-26,5.58
2012-01-27,5.38
2012-01-28,5.07
2012-01-29,4.77
2012-01-30,4.61
2012-01-31,4.51
2012-02-01,4.39
2012-02-02,4.35
2012-02-03,4.25
2012-02-04,4.13
2012-02-05,4.01
2012-02-06,3.89
2012-02-07,3.82
2012-02-08,3.82
2012-02-09,3.88
2012-02-10,4.04
2012-02-11,4.21
2012-02-12,4.11
2012-02-13,4.04
2012-02-14,3.95
2012-02-15,3.92
2012-02-16,3.88
2012-02-17,3.85
2012-02-18,3.82
2012-02-19,3.86
2012-02-20,3.65
2012-02-21,3.77
2012-02-22,4.03
2012-02-23,4.13
2012-02-24,4.37
2012-02-25,4.43
2012-02-26,4.27
2012-02-27,3.94
2012-02-28,4.0
2012-02-29,4.28
2012-03-01,4.46
2012-03-02,3.95
2012-03-03,3.92
2012-03-04,4.33
2012-03-05,4.69
2012-03-06,4.58
2012-03-07,4.45
2012-03-08,4.47
2012-03-09,4.49
2012-03-10,4.64
2012-03-11,4.52
2012-03-12,4.35
2012-03-13,4.34
2012-03-14,5.36
2012-03-15,13.1
2012-03-16,21.0
2012-03-17,12.9
2012-03-18,8.58
2012-03-19,7.21
2012-03-20,7.57
2012-03-21,10.1
2012-03-22,11.4
2012-03-23,10.2
2012-03-24,8.97
2012-03-25,8.21
2012-03-26,7.22
2012-03-27,6.68
2012-03-28,6.52
2012-03-29,6.59
2012-03-30,9.64
2012-03-31,12.1
2012-04-01,9.41
2012-04-02,8.72
2012-04-03,9.42
2012-04-04,9.49
2012-04-05,8.24
2012-04-06,8.5
2012-04-07,7.61
2012-04-08,8.52
2012-04-09,10.2
2012-04-10,11.8
2012-04-11,11.2
2012-04-12,9.63
2012-04-13,8.91
2012-04-14,8.21
2012-04-15,8.96
2012-04-16,11.0
2012-04-17,12.8
2012-04-18,15.6
2012-04-19,20.9
2012-04-20,29.1
2012-04-21,34.1
2012-04-22,38.5
2012-04-23,41.9
2012-04-24,43.8
2012-04-25,40.0
2012-04-26,72.6
2012-04-27,42.3
2012-04-28,38.1
2012-04-29,37.2
2012-04-30,40.2
2012-05-01,40.9
2012-05-02,34.7
2012-05-03,30.5
2012-05-04,28.0
2012-05-05,26.0
2012-05-06,24.7
2012-05-07,24.0
2012-05-08,23.4
2012-05-09,23.2
2012-05-10,22.0
2012-05-11,20.3
2012-05-12,19.2
2012-05-13,18.6
2012-05-14,18.5
2012-05-15,17.9
2012-05-16,17.6
2012-05-17,16.2
2012-05-18,15.6
2012-05-19,14.0
2012-05-20,13.1
2012-05-21,12.7
2012-05-22,11.9
2012-05-23,11.1
2012-05-24,10.3
2012-05-25,9.91
2012-05-26,10.5
2012-05-27,9.61
2012-05-28,9.02
2012-05-29,8.51
2012-05-30,8.1
2012-05-31,7.79
2012-06-01,7.65
2012-06-02,7.26
2012-06-03,6.8
2012-06-04,9.41
2012-06-05,9.53
2012-06-06,8.0
2012-06-07,6.92
2012-06-08,6.36
2012-06-09,5.93
2012-06-10,5.57
2012-06-11,5.3
2012-06-12,5.03
2012-06-13,4.84
2012-06-14,4.67
2012-06-15,4.46
2012-06-16,4.21
2012-06-17,4.03
2012-06-18,3.79
2012-06-19,3.68
2012-06-20,3.59
2012-06-21,3.46
2012-06-22,3.36
2012-06-23,3.7
2012-06-24,3.59
2012-06-25,3.36
2012-06-26,3.26
2012-06-27,3.17
2012-06-28,3.02
2012-06-29,2.92
2012-06-30,2.86
2012-07-01,2.84
2012-07-02,2.79
2012-07-03,2.7
2012-07-04,2.62
2012-07-05,2.55
2012-07-06,2.49
2012-07-07,2.4
2012-07-08,2.34
2012-07-09,2.27
2012-07-10,2.24
2012-07-11,2.18
2012-07-12,2.14
2012-07-13,2.1
2012-07-14,2.05
2012-07-15,2.05
2012-07-16,2.05
2012-07-17,2.06
2012-07-18,2.04
2012-07-19,2.1
2012-07-20,2.08
2012-07-21,1.99
2012-07-22,1.94
2012-07-23,3.1
2012-07-24,2.67
2012-07-25,2.17
2012-07-26,2.05
2012-07-27,1.99
2012-07-28,1.96
2012-07-29,1.93
2012-07-30,1.87
2012-07-31,1.85
2012-08-01,1.83
2012-08-02,1.82
2012-08-03,1.79
2012-08-04,1.77
2012-08-05,1.77
2012-08-06,1.74
2012-08-07,1.72
2012-08-08,1.71
2012-08-09,1.71
2012-08-10,1.67
2012-08-11,1.66
2012-08-12,1.66
2012-08-13,1.71
2012-08-14,1.9
2012-08-15,1.88
2012-08-16,1.75
2012-08-17,1.76
2012-08-18,1.81
2012-08-19,1.73
2012-08-20,1.68
2012-08-21,1.68
2012-08-22,1.66
2012-08-23,1.65
2012-08-24,1.65
2012-08-25,1.65
2012-08-26,1.65
2012-08-27,1.62
2012-08-28,1.61
2012-08-29,1.62
2012-08-30,1.63
2012-08-31,1.63
2012-09-01,1.63
2012-09-02,1.64
2012-09-03,1.64
2012-09-04,1.63
2012-09-05,1.69
2012-09-06,1.88
2012-09-07,1.78
2012-09-08,1.71
2012-09-09,1.68
2012-09-10,1.64
2012-09-11,1.68
2012-09-12,1.7
2012-09-13,1.67
2012-09-14,1.66
2012-09-15,1.66
2012-09-16,1.67
2012-09-17,1.67
2012-09-18,1.68
2012-09-19,1.68
2012-09-20,1.67
2012-09-21,1.67
2012-09-22,1.67
2012-09-23,1.68
2012-09-24,1.67
2012-09-25,1.69
2012-09-26,1.7
2012-09-27,1.7
2012-09-28,1.7
2012-09-29,1.69
2012-09-30,1.68
2012-10-01,1.68
2012-10-02,1.68
2012-10-03,1.69
2012-10-04,1.7
2012-10-05,1.73
2012-10-06,1.77
2012-10-07,1.79
2012-10-08,1.8
2012-10-09,1.81
2012-10-10,1.82
2012-10-11,1.81
2012-10-12,1.86
2012-10-13,1.81
2012-10-14,1.83
2012-10-15,1.82
2012-10-16,1.82
2012-10-17,1.81
2012-10-18,1.81
2012-10-19,1.82
2012-10-20,1.82
2012-10-21,1.82
2012-10-22,2.12
2012-10-23,2.19
2012-10-24,2.23
2012-10-25,2.27
2012-10-26,2.35
2012-10-27,2.52
2012-10-28,2.65
2012-10-29,2.77
2012-10-30,3.03
2012-10-31,3.32
2012-11-01,4.34
2012-11-02,2.97
2012-11-03,2.64
2012-11-04,2.57
2012-11-05,2.5
2012-11-06,2.5
2012-11-07,2.45
2012-11-08,2.55
2012-11-09,2.5
2012-11-10,2.4
2012-11-11,2.37
2012-11-12,2.49
2012-11-13,2.48
2012-11-14,2.49
2012-11-15,2.45
2012-11-16,2.71
2012-11-17,6.88
2012-11-18,5.46
2012-11-19,4.09
2012-11-20,3.73
2012-11-21,5.56
2012-11-22,3.87
2012-11-23,3.22
2012-11-24,2.98
2012-11-25,2.83
2012-11-26,2.69
2012-11-27,2.68
2012-11-28,4.17
2012-11-29,6.05
2012-11-30,47.6
2012-12-01,29.2
2012-12-02,75.2
2012-12-03,22.3
2012-12-04,15.5
2012-12-05,49.0
2012-12-06,20.9
2012-12-07,14.0
2012-12-08,11.0
2012-12-09,9.27
2012-12-10,8.18
2012-12-11,7.4
2012-12-12,7.03
2012-12-13,6.62
2012-12-14,6.15
2012-12-15,5.71
2012-12-16,5.42
2012-12-17,5.43
2012-12-18,5.68
2012-12-19,5.44
2012-12-20,4.69
2012-12-21,4.6
2012-12-22,4.61
2012-12-23,4.85
2012-12-24,5.11
2012-12-25,4.44
2012-12-26,4.41
2012-12-27,4.27
2012-12-28,4.34
2012-12-29,4.16
2012-12-30,4.13
2012-12-31,4.23
2013-01-01,3.9
2013-01-02,4.02
2013-01-03,3.8
2013-01-04,3.64
2013-01-05,3.65
2013-01-06,3.64
2013-01-07,3.5
2013-01-08,3.53
2013-01-09,3.63
2013-01-10,3.64
2013-01-11,3.49
2013-01-12,3.43
2013-01-13,3.39
2013-01-14,3.32
2013-01-15,3.25
2013-01-16,3.2
2013-01-17,3.09
2013-01-18,3.11
2013-01-19,3.07
2013-01-20,3.06
2013-01-21,3.1
2013-01-22,3.14
2013-01-23,3.19
2013-01-24,3.51
2013-01-25,3.98
2013-01-26,4.13
2013-01-27,3.86
2013-01-28,3.73
2013-01-29,3.63
2013-01-30,3.55
2013-01-31,3.56
2013-02-01,3.52
2013-02-02,3.49
2013-02-03,3.48
2013-02-04,3.45
2013-02-05,3.56
2013-02-06,3.62
2013-02-07,3.51
2013-02-08,3.49
2013-02-09,3.46
2013-02-10,3.4
2013-02-11,3.37
2013-02-12,3.33
2013-02-13,3.26
2013-02-14,3.28
2013-02-15,3.38
2013-02-16,3.34
2013-02-17,3.4
2013-02-18,3.41
2013-02-19,3.46
2013-02-20,3.34
2013-02-21,3.3
2013-02-22,3.27
2013-02-23,3.26
2013-02-24,3.22
2013-02-25,3.22
2013-02-26,3.2
2013-02-27,3.2
2013-02-28,3.3
2013-03-01,3.57
2013-03-02,3.92
2013-03-03,4.45
2013-03-04,4.65
2013-03-05,4.78
2013-03-06,4.7
2013-03-07,4.4
2013-03-08,4.19
2013-03-09,4.19
2013-03-10,4.29
2013-03-11,4.78
2013-03-12,5.61
2013-03-13,6.79
2013-03-14,9.48
2013-03-15,10.3
2013-03-16,10.4
2013-03-17,10.2
2013-03-18,10.2
2013-03-19,11.5
2013-03-20,16.9
2013-03-21,14.6
2013-03-22,12.2
2013-03-23,11.3
2013-03-24,12.0
2013-03-25,12.4
2013-03-26,12.2
2013-03-27,12.7
2013-03-28,13.8
2013-03-29,14.5
2013-03-30,14.8
2013-03-31,16.5
2013-04-01,15.1
2013-04-02,14.7
2013-04-03,15.1
2013-04-04,18.8
2013-04-05,17.7
2013-04-06,16.3
2013-04-07,16.0
2013-04-08,15.9
2013-04-09,14.0
2013-04-10,13.7
2013-04-11,15.2
2013-04-12,14.8
2013-04-13,14.7
2013-04-14,14.3
2013-04-15,13.4
2013-04-16,12.5
2013-04-17,11.3
2013-04-18,10.8
2013-04-19,10.7
2013-04-20,10.9
2013-04-21,10.7
2013-04-22,10.8
2013-04-23,10.3
2013-04-24,9.82
2013-04-25,9.48
2013-04-26,9.37
2013-04-27,9.32
2013-04-28,9.2
2013-04-29,9.22
2013-04-30,9.08
2013-05-01,8.4
2013-05-02,8.04
2013-05-03,8.03
2013-05-04,8.19
2013-05-05,8.39
2013-05-06,11.5
2013-05-07,10.9
2013-05-08,11.2
2013-05-09,9.07
2013-05-10,8.4
2013-05-11,7.95
2013-05-12,7.9
2013-05-13,7.86
2013-05-14,7.7
2013-05-15,7.5
2013-05-16,7.76
2013-05-17,7.23
2013-05-18,6.64
2013-05-19,6.26
2013-05-20,5.95
2013-05-21,5.71
2013-05-22,5.48
2013-05-23,5.23
2013-05-24,5.12
2013-05-25,4.89
2013-05-26,4.72
2013-05-27,4.73
2013-05-28,5.76
2013-05-29,5.0
2013-05-30,4.53
2013-05-31,4.3
2013-06-01,4.1
2013-06-02,3.96
2013-06-03,3.83
2013-06-04,3.72
2013-06-05,3.6
2013-06-06,3.49
2013-06-07,3.38
2013-06-08,3.23
2013-06-09,3.19
2013-06-10,3.17
2013-06-11,3.02
2013-06-12,2.9
2013-06-13,2.84
2013-06-14,2.8
2013-06-15,2.7
2013-06-16,2.61
2013-06-17,2.55
2013-06-18,2.47
2013-06-19,2.49
2013-06-20,2.48
2013-06-21,2.46
2013-06-22,2.4
2013-06-23,2.42
2013-06-24,2.86
2013-06-25,4.22
2013-06-26,3.3
2013-06-27,2.66
2013-06-28,2.42
2013-06-29,2.28
2013-06-30,2.17
2013-07-01,2.07
2013-07-02,2.07
2013-07-03,2.08
2013-07-04,2.1
2013-07-05,1.98
2013-07-06,1.9
2013-07-07,1.86
2013-07-08,1.82
2013-07-09,1.79
2013-07-10,1.77
2013-07-11,1.75
2013-07-12,1.74
2013-07-13,1.74
2013-07-14,1.73
2013-07-15,1.72
2013-07-16,1.67
2013-07-17,1.66
2013-07-18,1.64
2013-07-19,1.62
2013-07-20,1.59
2013-07-21,1.55
2013-07-22,1.57
2013-07-23,1.61
2013-07-24,1.61
2013-07-25,1.61
2013-07-26,1.63
2013-07-27,1.58
2013-07-28,1.55
2013-07-29,1.53
2013-07-30,1.51
2013-07-31,1.51
2013-08-01,1.51
2013-08-02,1.52
2013-08-03,1.52
2013-08-04,1.5
2013-08-05,1.48
2013-08-06,1.48
2013-08-07,1.49
2013-08-08,1.51
2013-08-09,1.51
2013-08-10,1.51
2013-08-11,1.5
2013-08-12,1.49
2013-08-13,1.49
2013-08-14,1.46
2013-08-15,1.44
2013-08-16,1.44
2013-08-17,1.44
2013-08-18,1.46
2013-08-19,1.57
2013-08-20,1.6
2013-08-21,1.55
2013-08-22,1.61
2013-08-23,1.52
2013-08-24,1.49
2013-08-25,1.49
2013-08-26,1.51
2013-08-27,1.51
2013-08-28,1.52
2013-08-29,1.47
2013-08-30,1.45
2013-08-31,1.44
2013-09-01,1.47
2013-09-02,1.52
2013-09-03,1.54
2013-09-04,1.5
2013-09-05,1.48
2013-09-06,1.49
2013-09-07,1.49
2013-09-08,1.49
2013-09-09,1.49
2013-09-10,1.5
2013-09-11,1.51
2013-09-12,1.53
2013-09-13,1.61
2013-09-14,1.58
2013-09-15,1.55
2013-09-16,1.51
2013-09-17,1.51
2013-09-18,1.54
2013-09-19,1.56
2013-09-20,1.55
2013-09-21,2.53
2013-09-22,2.06
2013-09-23,1.77
2013-09-24,1.69
2013-09-25,1.73
2013-09-26,1.83
2013-09-27,1.8
2013-09-28,1.77
2013-09-29,1.73
2013-09-30,1.72
2013-10-01,1.71
2013-10-02,1.7
2013-10-03,1.7
2013-10-04,1.73
2013-10-05,1.73
2013-10-06,1.74
2013-10-07,1.73
2013-10-08,1.71
2013-10-09,1.8
2013-10-10,1.81
2013-10-11,1.8
2013-10-12,1.8
2013-10-13,1.84
2013-10-14,1.82
2013-10-15,1.82
2013-10-16,1.83
2013-10-17,1.82
2013-10-18,1.82
2013-10-19,1.81
2013-10-20,1.8
2013-10-21,1.8
2013-10-22,1.8
2013-10-23,1.8
2013-10-24,1.8
2013-10-25,1.8
2013-10-26,1.8
2013-10-27,1.81
2013-10-28,2.01
2013-10-29,2.04
2013-10-30,2.09
2013-10-31,2.06
2013-11-01,2.03
2013-11-02,2.02
2013-11-03,2.02
2013-11-04,1.97
2013-11-05,1.86
2013-11-06,1.87
2013-11-07,1.91
2013-11-08,1.9
2013-11-09,1.85
2013-11-10,1.83
2013-11-11,1.82
2013-11-12,1.82
2013-11-13,1.82
2013-11-14,1.86
2013-11-15,1.9
2013-11-16,1.91
2013-11-17,1.85
2013-11-18,1.87
2013-11-19,2.01
2013-11-20,2.33
2013-11-21,2.18
2013-11-22,1.96
2013-11-23,1.91
2013-11-24,1.89
2013-11-25,1.86
2013-11-26,1.89
2013-11-27,1.94
2013-11-28,1.93
2013-11-29,1.91
2013-11-30,1.84
2013-12-01,1.79
2013-12-02,1.85
2013-12-03,1.92
2013-12-04,1.8
2013-12-05,1.9
2013-12-06,1.97
2013-12-07,1.8
2013-12-08,1.7
2013-12-09,1.4
2013-12-10,1.7
2013-12-11,1.81
2013-12-12,1.8
2013-12-13,1.8
2013-12-14,1.78
2013-12-15,1.79
2013-12-16,1.8
2013-12-17,1.82
2013-12-18,1.85
2013-12-19,1.88
2013-12-20,1.86
2013-12-21,1.8
2013-12-22,1.8
2013-12-23,1.8
2013-12-24,1.8
2013-12-25,1.88
2013-12-26,1.9
2013-12-27,1.89
2013-12-28,1.82
2013-12-29,1.85
2013-12-30,1.8
2013-12-31,1.87
2014-01-01,1.88
2014-01-02,1.87
2014-01-03,1.9
2014-01-04,1.89
2014-01-05,1.86
2014-01-06,1.82
2014-01-07,1.85
2014-01-08,1.88
2014-01-09,1.9
2014-01-10,1.91
2014-01-11,2.29
2014-01-12,2.08
2014-01-13,1.92
2014-01-14,1.94
2014-01-15,1.88
2014-01-16,1.92
2014-01-17,1.86
2014-01-18,1.95
2014-01-19,1.93
2014-01-20,1.85
2014-01-21,1.87
2014-01-22,1.89
2014-01-23,1.9
2014-01-24,1.91
2014-01-25,1.93
2014-01-26,1.94
2014-01-27,1.95
2014-01-28,2.17
2014-01-29,5.58
2014-01-30,4.83
2014-01-31,3.0
2014-02-01,2.81
2014-02-02,2.41
2014-02-03,2.3
2014-02-04,2.31
2014-02-05,2.23
2014-02-06,2.18
2014-02-07,2.19
2014-02-08,14.9
2014-02-09,48.5
2014-02-10,18.4
2014-02-11,8.24
2014-02-12,6.1
2014-02-13,7.15
2014-02-14,7.6
2014-02-15,5.9
2014-02-16,5.72
2014-02-17,4.71
2014-02-18,4.23
2014-02-19,3.97
2014-02-20,3.71
2014-02-21,3.64
2014-02-22,3.57
2014-02-23,3.46
2014-02-24,3.41
2014-02-25,3.42
2014-02-26,3.75
2014-02-27,4.93
2014-02-28,4.56
2014-03-01,4.81
2014-03-02,5.14
2014-03-03,5.95
2014-03-04,6.44
2014-03-05,7.4
2014-03-06,13.7
2014-03-07,8.15
2014-03-08,6.9
2014-03-09,6.81
2014-03-10,8.24
2014-03-11,6.58
2014-03-12,5.66
2014-03-13,5.25
2014-03-14,5.06
2014-03-15,4.98
2014-03-16,5.07
2014-03-17,5.22
2014-03-18,4.84
2014-03-19,4.54
2014-03-20,4.51
2014-03-21,4.49
2014-03-22,4.36
2014-03-23,4.25
2014-03-24,4.21
2014-03-25,4.26
2014-03-26,4.55
2014-03-27,4.56
2014-03-28,4.51
2014-03-29,9.61
2014-03-30,7.95
2014-03-31,6.36
2014-04-01,5.56
2014-04-02,5.19
2014-04-03,5.26
2014-04-04,5.23
2014-04-05,5.13
2014-04-06,5.73
2014-04-07,6.42
2014-04-08,7.05
2014-04-09,7.82
2014-04-10,7.73
2014-04-11,7.29
2014-04-12,7.15
2014-04-13,6.73
2014-04-14,6.22
2014-04-15,6.19
2014-04-16,6.14
2014-04-17,6.2
2014-04-18,6.23
2014-04-19,5.81
2014-04-20,5.28
2014-04-21,4.99
2014-04-22,5.19
2014-04-23,4.69
2014-04-24,4.36
2014-04-25,5.12
2014-04-26,5.5
2014-04-27,5.15
2014-04-28,4.75
2014-04-29,4.4
2014-04-30,4.15
2014-05-01,3.98
2014-05-02,3.88
2014-05-03,3.7
2014-05-04,3.5
2014-05-05,3.38
2014-05-06,3.69
2014-05-07,3.46
2014-05-08,3.3
2014-05-09,3.82
2014-05-10,3.51
2014-05-11,3.43
2014-05-12,3.22
2014-05-13,3.05
2014-05-14,2.93
2014-05-15,2.89
2014-05-16,2.85
2014-05-17,2.76
2014-05-18,2.68
2014-05-19,2.69
2014-05-20,3.05
2014-05-21,3.03
2014-05-22,2.8
2014-05-23,2.66
2014-05-24,2.56
2014-05-25,2.5
2014-05-26,2.38
2014-05-27,2.3
2014-05-28,2.2
2014-05-29,2.14
2014-05-30,2.1
2014-05-31,2.03
2014-06-01,1.99
2014-06-02,1.93
2014-06-03,1.9
2014-06-04,1.84
2014-06-05,1.8
2014-06-06,1.77
2014-06-07,1.73
2014-06-08,1.64
2014-06-09,1.59
2014-06-10,1.55
2014-06-11,1.53
2014-06-12,1.47
2014-06-13,1.48
2014-06-14,1.51
2014-06-15,1.51
2014-06-16,1.46
2014-06-17,1.49
2014-06-18,1.5
2014-06-19,1.42
2014-06-20,1.38
2014-06-21,1.35
2014-06-22,1.34
2014-06-23,1.33
2014-06-24,1.32
2014-06-25,1.32
2014-06-26,1.35
2014-06-27,1.35
2014-06-28,1.3
2014-06-29,1.25
2014-06-30,1.23
2014-07-01,1.21
2014-07-02,1.18
2014-07-03,1.18
2014-07-04,1.17
2014-07-05,1.16
2014-07-06,1.15
2014-07-07,1.15
2014-07-08,1.19
2014-07-09,1.15
2014-07-10,1.12
2014-07-11,1.16
2014-07-12,1.13
2014-07-13,1.11
2014-07-14,1.08
2014-07-15,1.09
2014-07-16,1.1
2014-07-17,1.14
2014-07-18,1.19
2014-07-19,1.2
2014-07-20,1.25
2014-07-21,1.36
2014-07-22,1.24
2014-07-23,1.16
2014-07-24,1.14
2014-07-25,1.13
2014-07-26,1.11
2014-07-27,1.1
2014-07-28,1.1
2014-07-29,1.11
2014-07-30,2.76
2014-07-31,2.05
2014-08-01,1.52
2014-08-02,1.3
2014-08-03,1.25
2014-08-04,1.84
2014-08-05,2.69
2014-08-06,2.29
2014-08-07,1.77
2014-08-08,1.51
2014-08-09,1.36
2014-08-10,1.32
2014-08-11,1.36
2014-08-12,1.33
2014-08-13,1.26
2014-08-14,1.25
2014-08-15,1.21
2014-08-16,1.19
2014-08-17,1.18
2014-08-18,1.17
2014-08-19,1.16
2014-08-20,1.15
2014-08-21,1.15
2014-08-22,1.14
2014-08-23,1.16
2014-08-24,1.16
2014-08-25,1.36
2014-08-26,1.28
2014-08-27,1.21
2014-08-28,1.18
2014-08-29,1.18
2014-08-30,1.17
2014-08-31,1.15
2014-09-01,1.16
2014-09-02,1.14
2014-09-03,1.14
2014-09-04,1.14
2014-09-05,1.13
2014-09-06,1.13
2014-09-07,1.14
2014-09-08,1.14
2014-09-09,1.16
2014-09-10,1.14
2014-09-11,1.14
2014-09-12,1.13
2014-09-13,1.13
2014-09-14,1.15
2014-09-15,1.16
2014-09-16,1.17
2014-09-17,1.17
2014-09-18,1.21
2014-09-19,1.21
2014-09-20,1.19
2014-09-21,1.24
2014-09-22,1.24
2014-09-23,1.2
2014-09-24,1.18
2014-09-25,1.25
2014-09-26,1.48
2014-09-27,1.95
2014-09-28,1.71
2014-09-29,1.5
2014-09-30,1.39
2014-10-01,1.37
2014-10-02,1.33
2014-10-03,1.33
2014-10-04,1.32
2014-10-05,1.31
2014-10-06,1.31
2014-10-07,1.31
2014-10-08,1.31
2014-10-09,1.31
2014-10-10,1.32
2014-10-11,1.31
2014-10-12,1.32
2014-10-13,1.32
2014-10-14,1.31
2014-10-15,1.78
2014-10-16,1.54
2014-10-17,1.46
2014-10-18,1.42
2014-10-19,1.4
2014-10-20,1.45
2014-10-21,1.56
2014-10-22,1.47
2014-10-23,1.43
2014-10-24,1.4
2014-10-25,1.79
2014-10-26,1.85
2014-10-27,1.6
2014-10-28,1.53
2014-10-29,1.51
2014-10-30,1.51
2014-10-31,1.63
2014-11-01,1.78
2014-11-02,1.63
2014-11-03,1.6
2014-11-04,1.6
2014-11-05,1.6
2014-11-06,1.57
2014-11-07,1.51
2014-11-08,1.51
2014-11-09,1.52
2014-11-10,1.51
2014-11-11,1.52
2014-11-12,1.52
2014-11-13,1.76
2014-11-14,1.68
2014-11-15,1.6
2014-11-16,1.59
2014-11-17,1.56
2014-11-18,1.56
2014-11-19,1.67
2014-11-20,1.77
2014-11-21,1.72
2014-11-22,2.84
2014-11-23,2.03
2014-11-24,1.79
2014-11-25,1.71
2014-11-26,1.7
2014-11-27,1.7
2014-11-28,1.7
2014-11-29,2.73
2014-11-30,3.15
2014-12-01,3.58
2014-12-02,2.71
2014-12-03,12.5
2014-12-04,12.3
2014-12-05,5.57
2014-12-06,8.71
2014-12-07,4.86
2014-12-08,3.7
2014-12-09,3.21
2014-12-10,2.96
2014-12-11,6.98
2014-12-12,6.77
2014-12-13,4.26
2014-12-14,3.46
2014-12-15,3.13
2014-12-16,2.93
2014-12-17,2.75
2014-12-18,2.63
2014-12-19,2.6
2014-12-20,2.65
2014-12-21,3.21
2014-12-22,3.31
2014-12-23,2.99
2014-12-24,3.08
2014-12-25,2.89
2014-12-26,2.63
2014-12-27,2.5
2014-12-28,2.38
2014-12-29,2.36
2014-12-30,2.26
2014-12-31,2.16
2015-01-01,2.2
2015-01-02,2.14
2015-01-03,2.08
2015-01-04,2.1
2015-01-05,2.1
2015-01-06,2.12
2015-01-07,2.11
2015-01-08,2.13
2015-01-09,2.12
2015-01-10,2.19
2015-01-11,2.25
2015-01-12,2.25
2015-01-13,2.21
2015-01-14,2.14
2015-01-15,2.08
2015-01-16,2.23
2015-01-17,2.4
2015-01-18,2.6
2015-01-19,2.61
2015-01-20,2.45
2015-01-21,2.32
2015-01-22,2.21
2015-01-23,2.18
2015-01-24,2.17
2015-01-25,2.2
2015-01-26,2.22
2015-01-27,2.25
2015-01-28,2.2
2015-01-29,2.21
2015-01-30,2.29
2015-01-31,2.25
2015-02-01,2.27
2015-02-02,2.43
2015-02-03,2.53
2015-02-04,2.62
2015-02-05,2.61
2015-02-06,3.96
2015-02-07,24.0
2015-02-08,27.8
2015-02-09,31.0
2015-02-10,15.1
2015-02-11,11.2
2015-02-12,9.62
2015-02-13,9.42
2015-02-14,9.2
2015-02-15,8.39
2015-02-16,7.61
2015-02-17,7.1
2015-02-18,6.8
2015-02-19,6.56
2015-02-20,6.26
2015-02-21,5.84
2015-02-22,5.4
2015-02-23,5.13
2015-02-24,4.7
2015-02-25,4.4
2015-02-26,4.28
2015-02-27,4.22
2015-02-28,4.15
2015-03-01,3.97
2015-03-02,3.9
2015-03-03,3.91
2015-03-04,3.9
2015-03-05,3.9
2015-03-06,3.94
2015-03-07,3.89
2015-03-08,3.87
2015-03-09,3.82
2015-03-10,3.83
2015-03-11,4.75
2015-03-12,4.76
2015-03-13,4.67
2015-03-14,5.08
2015-03-15,5.94
2015-03-16,5.89
2015-03-17,5.84
2015-03-18,5.33
2015-03-19,4.95
2015-03-20,4.71
2015-03-21,4.48
2015-03-22,4.5
2015-03-23,5.16
2015-03-24,4.65
2015-03-25,4.31
2015-03-26,4.12
2015-03-27,4.13
2015-03-28,4.02
2015-03-29,3.84
2015-03-30,3.72
2015-03-31,3.63
2015-04-01,3.47
2015-04-02,3.52
2015-04-03,3.37
2015-04-04,3.28
2015-04-05,3.48
2015-04-06,3.51
2015-04-07,3.51
2015-04-08,3.57
2015-04-09,3.42
2015-04-10,3.28
2015-04-11,3.18
2015-04-12,3.12
2015-04-13,2.99
2015-04-14,3.1
2015-04-15,2.93
2015-04-16,2.72
2015-04-17,2.6
2015-04-18,2.58
2015-04-19,2.54
2015-04-20,2.52
2015-04-21,2.5
2015-04-22,2.86
2015-04-23,2.72
2015-04-24,5.21
2015-04-25,5.08
2015-04-26,4.24
2015-04-27,3.68
2015-04-28,3.3
2015-04-29,3.06
2015-04-30,2.88
2015-05-01,2.73
2015-05-02,2.63
2015-05-03,2.52
2015-05-04,2.44
2015-05-05,2.4
2015-05-06,2.49
2015-05-07,2.6
2015-05-08,2.47
2015-05-09,2.4
2015-05-10,2.29
2015-05-11,2.25
2015-05-12,2.2
2015-05-13,2.2
2015-05-14,2.36
2015-05-15,2.73
2015-05-16,2.65
2015-05-17,2.54
2015-05-18,2.46
2015-05-19,2.43
2015-05-20,2.37
2015-05-21,3.29
2015-05-22,3.71
2015-05-23,3.72
2015-05-24,3.25
2015-05-25,3.34
2015-05-26,3.03
2015-05-27,2.65
2015-05-28,2.41
2015-05-29,2.26
2015-05-30,2.13
2015-05-31,2.03
2015-06-01,1.96
2015-06-02,1.92
2015-06-03,1.89
2015-06-04,2.0
2015-06-05,2.06
2015-06-06,1.93
2015-06-07,1.83
2015-06-08,1.71
2015-06-09,1.71
2015-06-10,2.96
2015-06-11,2.3
2015-06-12,1.89
2015-06-13,1.72
2015-06-14,1.61
2015-06-15,1.53
2015-06-16,1.5
2015-06-17,1.45
2015-06-18,1.4
2015-06-19,1.35
2015-06-20,1.33
2015-06-21,1.3
2015-06-22,1.29
2015-06-23,1.27
2015-06-24,1.26
2015-06-25,1.23
2015-06-26,1.21
2015-06-27,1.19
2015-06-28,1.23
2015-06-29,1.22
2015-06-30,1.18
2015-07-01,1.17
2015-07-02,1.21
2015-07-03,1.23
2015-07-04,1.29
2015-07-05,1.26
2015-07-06,1.19
2015-07-07,1.22
2015-07-08,1.71
2015-07-09,2.1
2015-07-10,1.66
2015-07-11,1.42
2015-07-12,1.36
2015-07-13,1.3
2015-07-14,1.26
2015-07-15,1.24
2015-07-16,1.21
2015-07-17,1.21
2015-07-18,1.19
2015-07-19,1.18
2015-07-20,1.18
2015-07-21,1.44
2015-07-22,1.43
2015-07-23,1.27
2015-07-24,1.19
2015-07-25,1.18
2015-07-26,1.18
2015-07-27,1.17
2015-07-28,1.16
2015-07-29,1.16
2015-07-30,1.16
2015-07-31,1.19
2015-08-01,1.18
2015-08-02,1.35
2015-08-03,1.26
2015-08-04,1.21
2015-08-05,1.18
2015-08-06,1.2
2015-08-07,1.36
2015-08-08,1.38
2015-08-09,1.27
2015-08-10,1.23
2015-08-11,1.19
2015-08-12,1.18
2015-08-13,1.17
2015-08-14,1.15
2015-08-15,1.14
2015-08-16,1.13
2015-08-17,1.12
2015-08-18,1.11
2015-08-19,1.13
2015-08-20,1.12
2015-08-21,1.14
2015-08-22,1.13
2015-08-23,1.14
2015-08-24,1.13
2015-08-25,1.13
2015-08-26,1.13
2015-08-27,1.14
2015-08-28,1.15
2015-08-29,1.16
2015-08-30,1.17
2015-08-31,1.16
2015-09-01,1.16
2015-09-02,1.15
2015-09-03,1.17
2015-09-04,1.18
2015-09-05,1.19
2015-09-06,1.19
2015-09-07,1.19
2015-09-08,1.18
2015-09-09,1.18
2015-09-10,1.18
2015-09-11,1.18
2015-09-12,1.19
2015-09-13,1.21
2015-09-14,1.2
2015-09-15,1.25
2015-09-16,1.3
2015-09-17,1.32
2015-09-18,1.28
2015-09-19,1.22
2015-09-20,1.21
2015-09-21,1.22
2015-09-22,1.21
2015-09-23,1.21
2015-09-24,1.21
2015-09-25,1.21
2015-09-26,1.21
2015-09-27,1.21
2015-09-28,1.21
2015-09-29,1.21
2015-09-30,1.26
2015-10-01,1.8
2015-10-02,1.44
2015-10-03,1.4
2015-10-04,1.45
2015-10-05,1.38
2015-10-06,1.33
2015-10-07,1.31
2015-10-08,1.3
2015-10-09,1.3
2015-10-10,1.3
2015-10-11,1.3
2015-10-12,1.3
2015-10-13,1.3
2015-10-14,1.31
2015-10-15,1.32
2015-10-16,1.34
2015-10-17,2.3
2015-10-18,1.73
2015-10-19,1.51
2015-10-20,1.48
2015-10-21,1.43
2015-10-22,1.42
2015-10-23,1.42
2015-10-24,1.42
2015-10-25,1.4
2015-10-26,1.42
2015-10-27,1.42
2015-10-28,1.47
2015-10-29,1.51
2015-10-30,1.48
2015-10-31,1.47
2015-11-01,1.63
2015-11-02,3.0
2015-11-03,2.03
2015-11-04,1.81
2015-11-05,1.71
2015-11-06,1.71
2015-11-07,1.72
2015-11-08,1.75
2015-11-09,1.72
2015-11-10,1.7
2015-11-11,1.66
2015-11-12,1.65
2015-11-13,1.65
2015-11-14,1.7
2015-11-15,1.71
2015-11-16,1.67
2015-11-17,1.65
2015-11-18,1.67
2015-11-19,1.7
2015-11-20,1.72
2015-11-21,1.71
2015-11-22,1.72
2015-11-23,1.73
2015-11-24,1.78
2015-11-25,1.76
2015-11-26,1.7
2015-11-27,1.69
2015-11-28,1.72
2015-11-29,1.7
2015-11-30,1.65
2015-12-01,1.66
2015-12-02,1.71
2015-12-03,1.84
2015-12-04,1.84
2015-12-05,1.8
2015-12-06,1.8
2015-12-07,1.94
2015-12-08,1.99
2015-12-09,2.12
2015-12-10,6.83
2015-12-11,3.51
2015-12-12,2.65
2015-12-13,2.48
2015-12-14,2.37
2015-12-15,2.2
2015-12-16,2.2
2015-12-17,2.09
2015-12-18,2.02
2015-12-19,2.03
2015-12-20,2.02
2015-12-21,4.18
2015-12-22,10.5
2015-12-23,5.35
2015-12-24,3.84
2015-12-25,3.1
2015-12-26,2.77
2015-12-27,2.6
2015-12-28,2.47
2015-12-29,2.36
2015-12-30,2.25
2015-12-31,2.22
2016-01-01,2.14
2016-01-02,2.1
2016-01-03,2.13
2016-01-04,2.11
2016-01-05,2.13
2016-01-06,2.11
2016-01-07,2.04
2016-01-08,2.04
2016-01-09,2.02
2016-01-10,2.02
2016-01-11,2.02
2016-01-12,2.03
2016-01-13,2.09
2016-01-14,2.06
2016-01-15,2.05
2016-01-16,2.55
2016-01-17,3.01
2016-01-18,3.5
2016-01-19,4.12
2016-01-20,4.0
2016-01-21,3.36
2016-01-22,3.64
2016-01-23,5.3
2016-01-24,3.9
2016-01-25,3.42
2016-01-26,3.17
2016-01-27,3.03
2016-01-28,2.94
2016-01-29,13.2
2016-01-30,36.1
2016-01-31,13.2
2016-02-01,8.6
2016-02-02,7.2
2016-02-03,6.0
2016-02-04,5.31
2016-02-05,4.92
2016-02-06,4.57
2016-02-07,4.38
2016-02-08,4.28
2016-02-09,4.24
2016-02-10,4.2
2016-02-11,4.21
2016-02-12,4.38
2016-02-13,4.54
2016-02-14,4.69
2016-02-15,5.11
2016-02-16,5.46
2016-02-17,7.22
2016-02-18,8.86
2016-02-19,7.11
2016-02-20,6.51
2016-02-21,6.31
2016-02-22,6.17
2016-02-23,5.92
2016-02-24,6.0
2016-02-25,6.44
2016-02-26,7.09
2016-02-27,7.92
2016-02-28,8.21
2016-02-29,8.31
2016-03-01,9.19
2016-03-02,10.0
2016-03-03,10.9
2016-03-04,17.5
2016-03-05,40.6
2016-03-06,45.0
2016-03-07,25.2
2016-03-08,18.3
2016-03-09,17.6
2016-03-10,22.7
2016-03-11,25.6
2016-03-12,19.6
2016-03-13,16.8
2016-03-14,16.7
2016-03-15,14.8
2016-03-16,14.7
2016-03-17,15.0
2016-03-18,15.7
2016-03-19,17.0
2016-03-20,23.7
2016-03-21,41.2
2016-03-22,27.2
2016-03-23,21.3
2016-03-24,20.0
2016-03-25,19.5
2016-03-26,19.1
2016-03-27,20.5
2016-03-28,20.2
2016-03-29,17.2
2016-03-30,15.9
2016-03-31,15.8
2016-04-01,17.5
2016-04-02,20.5
2016-04-03,23.7
2016-04-04,25.4
2016-04-05,26.2
2016-04-06,27.5
2016-04-07,29.6
2016-04-08,30.5
2016-04-09,32.2
2016-04-10,45.8
2016-04-11,45.1
2016-04-12,41.9
2016-04-13,39.2
2016-04-14,36.1
2016-04-15,30.4
2016-04-16,29.2
2016-04-17,29.8
2016-04-18,31.3
2016-04-19,33.1
2016-04-20,35.4
2016-04-21,35.7
2016-04-22,37.6
2016-04-23,37.6
2016-04-24,33.7
2016-04-25,29.6
2016-04-26,25.5
2016-04-27,23.9
2016-04-28,22.9
2016-04-29,22.9
2016-04-30,23.4
2016-05-01,21.4
2016-05-02,21.6
2016-05-03,22.3
2016-05-04,23.7
2016-05-05,26.4
2016-05-06,32.3
2016-05-07,31.7
2016-05-08,32.8
2016-05-09,31.9
2016-05-10,30.4
2016-05-11,28.9
2016-05-12,29.3
2016-05-13,30.2
2016-05-14,29.6
2016-05-15,27.7
2016-05-16,26.1
2016-05-17,25.0
2016-05-18,24.2
2016-05-19,23.7
2016-05-20,22.9
2016-05-21,23.6
2016-05-22,21.0
2016-05-23,18.8
2016-05-24,19.5
2016-05-25,18.9
2016-05-26,17.8
2016-05-27,16.5
2016-05-28,15.8
2016-05-29,15.4
2016-05-30,15.2
2016-05-31,15.5
2016-06-01,16.2
2016-06-02,15.6
2016-06-03,15.0
2016-06-04,14.8
2016-06-05,14.6
2016-06-06,14.2
2016-06-07,14.2
2016-06-08,13.6
2016-06-09,13.0
2016-06-10,12.0
2016-06-11,11.3
2016-06-12,10.5
2016-06-13,9.94
2016-06-14,9.23
2016-06-15,8.62
2016-06-16,8.17
2016-06-17,7.85
2016-06-18,8.75
2016-06-19,7.68
2016-06-20,6.97
2016-06-21,6.53
2016-06-22,6.24
2016-06-23,5.9
2016-06-24,5.61
2016-06-25,5.37
2016-06-26,5.11
2016-06-27,4.86
2016-06-28,4.61
2016-06-29,4.39
2016-06-30,4.19
2016-07-01,3.99
2016-07-02,3.8
2016-07-03,3.64
2016-07-04,3.49
2016-07-05,3.37
2016-07-06,3.23
2016-07-07,3.13
2016-07-08,3.0
2016-07-09,2.92
2016-07-10,2.81
2016-07-11,2.77
2016-07-12,2.65
2016-07-13,2.53
2016-07-14,2.41
2016-07-15,2.32
2016-07-16,2.26
2016-07-17,2.19
2016-07-18,2.13
2016-07-19,2.07
2016-07-20,2.03
2016-07-21,1.94
2016-07-22,1.87
2016-07-23,1.84
2016-07-24,1.82
2016-07-25,1.76
2016-07-26,1.73
2016-07-27,1.67
2016-07-28,1.63
2016-07-29,1.6
2016-07-30,1.56
2016-07-31,1.53
2016-08-01,1.51
2016-08-02,1.47
2016-08-03,1.45
2016-08-04,1.42
2016-08-05,1.4
2016-08-06,1.42
2016-08-07,1.41
2016-08-08,1.41
2016-08-09,1.4
2016-08-10,1.38
2016-08-11,1.37
2016-08-12,1.33
2016-08-13,1.3
2016-08-14,1.27
2016-08-15,1.28
2016-08-16,1.3
2016-08-17,1.35
2016-08-18,1.37
2016-08-19,1.3
2016-08-20,1.26
2016-08-21,1.27
2016-08-22,1.26
2016-08-23,1.23
2016-08-24,1.22
2016-08-25,1.22
2016-08-26,1.21
2016-08-27,1.2
2016-08-28,1.19
2016-08-29,1.18
2016-08-30,1.16
2016-08-31,1.15
2016-09-01,1.15
2016-09-02,1.16
2016-09-03,1.17
2016-09-04,1.2
2016-09-05,1.23
2016-09-06,1.23
2016-09-07,1.2
2016-09-08,1.17
2016-09-09,1.17
2016-09-10,1.15
2016-09-11,1.15
2016-09-12,1.14
2016-09-13,1.18
2016-09-14,1.21
2016-09-15,1.22
2016-09-16,1.21
2016-09-17,1.19
2016-09-18,1.17
2016-09-19,1.16
2016-09-20,1.14
2016-09-21,1.15
2016-09-22,1.23
2016-09-23,1.29
2016-09-24,1.25
2016-09-25,1.22
2016-09-26,1.21
2016-09-27,1.2
2016-09-28,1.23
2016-09-29,1.21
2016-09-30,1.2
2016-10-01,1.21
2016-10-02,1.27
2016-10-03,1.39
2016-10-04,1.39
2016-10-05,1.34
2016-10-06,1.35
2016-10-07,1.33
2016-10-08,1.33
2016-10-09,1.32
2016-10-10,1.32
2016-10-11,1.29
2016-10-12,1.28
2016-10-13,1.29
2016-10-14,2.45
2016-10-15,5.01
2016-10-16,13.3
2016-10-17,9.72
2016-10-18,3.91
2016-10-19,2.66
2016-10-20,2.26
2016-10-21,2.11
2016-10-22,1.98
2016-10-23,1.87
2016-10-24,1.89
2016-10-25,2.04
2016-10-26,1.87
2016-10-27,2.31
2016-10-28,8.2
2016-10-29,4.98
2016-10-30,8.27
2016-10-31,8.95
2016-11-01,6.84
2016-11-02,5.24
2016-11-03,4.51
2016-11-04,4.12
2016-11-05,3.92
2016-11-06,3.89
2016-11-07,3.98
2016-11-08,3.76
2016-11-09,3.47
2016-11-10,3.23
2016-11-11,3.01
2016-11-12,2.91
2016-11-13,2.72
2016-11-14,2.59
2016-11-15,2.56
2016-11-16,2.76
2016-11-17,2.54
2016-11-18,2.48
2016-11-19,2.56
2016-11-20,3.93
2016-11-21,3.66
2016-11-22,3.26
2016-11-23,3.07
2016-11-24,2.83
2016-11-25,2.83
2016-11-26,2.75
2016-11-27,2.8
2016-11-28,2.71
2016-11-29,2.7
2016-11-30,2.69
2016-12-01,2.65
2016-12-02,2.59
2016-12-03,2.54
2016-12-04,2.52
2016-12-05,2.55
2016-12-06,2.47
2016-12-07,2.43
2016-12-08,3.16
2016-12-09,4.82
2016-12-10,84.2
2016-12-11,34.6
2016-12-12,17.8
2016-12-13,13.6
2016-12-14,15.5
2016-12-15,55.7
2016-12-16,70.6
2016-12-17,25.5
2016-12-18,18.6
2016-12-19,15.5
2016-12-20,13.8
2016-12-21,12.9
2016-12-22,11.9
2016-12-23,11.1
2016-12-24,10.2
2016-12-25,9.48
2016-12-26,11.5
2016-12-27,9.21
2016-12-28,7.65
2016-12-29,7.27
2016-12-30,7.03
2016-12-31,6.71
2017-01-01,6.39
2017-01-02,6.29
2017-01-03,6.14
2017-01-04,6.52
2017-01-05,6.68
2017-01-06,6.02
2017-01-07,10.1
2017-01-08,119.0
2017-01-09,206.0
2017-01-10,65.1
2017-01-11,47.5
2017-01-12,41.8
2017-01-13,33.6
2017-01-14,29.5
2017-01-15,26.7
2017-01-16,24.0
2017-01-17,22.3
2017-01-18,21.5
2017-01-19,20.1
2017-01-20,19.0
2017-01-21,16.9
2017-01-22,15.9
2017-01-23,15.2
2017-01-24,14.4
2017-01-25,13.7
2017-01-26,13.2
2017-01-27,12.6
2017-01-28,12.1
2017-01-29,11.8
2017-01-30,11.7
2017-01-31,11.5
2017-02-01,11.1
2017-02-02,11.6
2017-02-03,13.3
2017-02-04,12.8
2017-02-05,12.1
2017-02-06,12.5
2017-02-07,44.0
2017-02-08,87.1
2017-02-09,208.0
2017-02-10,227.0
2017-02-11,114.0
2017-02-12,74.0
2017-02-13,58.9
2017-02-14,49.5
2017-02-15,42.9
2017-02-16,39.2
2017-02-17,36.5
2017-02-18,33.0
2017-02-19,30.3
2017-02-20,36.9
2017-02-21,36.0
2017-02-22,30.1
2017-02-23,27.4
2017-02-24,24.4
2017-02-25,22.9
2017-02-26,21.7
2017-02-27,20.6
2017-02-28,19.3
2017-03-01,18.4
2017-03-02,17.9
2017-03-03,17.6
2017-03-04,17.0
2017-03-05,16.3
2017-03-06,15.5
2017-03-07,14.9
2017-03-08,14.8
2017-03-09,15.1
2017-03-10,15.3
2017-03-11,15.6
2017-03-12,16.7
2017-03-13,17.9
2017-03-14,20.1
2017-03-15,23.4
2017-03-16,28.2
2017-03-17,31.7
2017-03-18,35.8
2017-03-19,41.2
2017-03-20,45.6
2017-03-21,72.4
2017-03-22,61.0
2017-03-23,46.9
2017-03-24,41.9
2017-03-25,39.0
2017-03-26,36.8
2017-03-27,34.4
2017-03-28,32.3
2017-03-29,34.9
2017-03-30,48.1
2017-03-31,40.1
2017-04-01,39.6
2017-04-02,42.4
2017-04-03,43.4
2017-04-04,42.6
2017-04-05,48.5
2017-04-06,56.4
2017-04-07,63.3
2017-04-08,47.3
2017-04-09,41.2
2017-04-10,38.3
2017-04-11,37.6
2017-04-12,44.1
2017-04-13,54.5
2017-04-14,43.0
2017-04-15,39.7
2017-04-16,40.8
2017-04-17,58.6
2017-04-18,67.2
2017-04-19,60.4
2017-04-20,55.3
2017-04-21,57.3
2017-04-22,64.5
2017-04-23,69.3
2017-04-24,64.1
2017-04-25,60.2
2017-04-26,75.1
2017-04-27,80.1
2017-04-28,73.6
2017-04-29,71.1
2017-04-30,80.5
2017-05-01,91.2
2017-05-02,102.0
2017-05-03,115.0
2017-05-04,134.0
2017-05-05,165.0
2017-05-06,150.0
2017-05-07,136.0
2017-05-08,136.0
2017-05-09,138.0
2017-05-10,145.0
2017-05-11,162.0
2017-05-12,151.0
2017-05-13,125.0
2017-05-14,110.0
2017-05-15,98.2
2017-05-16,91.0
2017-05-17,90.4
2017-05-18,89.1
2017-05-19,92.2
2017-05-20,99.6
2017-05-21,107.0
2017-05-22,114.0
2017-05-23,129.0
2017-05-24,144.0
2017-05-25,143.0
2017-05-26,131.0
2017-05-27,125.0
2017-05-28,122.0
2017-05-29,120.0
2017-05-30,119.0
2017-05-31,116.0
2017-06-01,110.0
2017-06-02,107.0
2017-06-03,104.0
2017-06-04,102.0
2017-06-05,96.0
2017-06-06,92.6
2017-06-07,88.1
2017-06-08,86.6
2017-06-09,86.6
2017-06-10,77.4
2017-06-11,70.1
2017-06-12,65.2
2017-06-13,60.1
2017-06-14,56.7
2017-06-15,54.2
2017-06-16,54.2
2017-06-17,56.1
2017-06-18,58.0
2017-06-19,59.4
2017-06-20,59.0
2017-06-21,58.8
2017-06-22,56.8
2017-06-23,53.7
2017-06-24,51.7
2017-06-25,49.7
2017-06-26,46.2
2017-06-27,41.7
2017-06-28,37.7
2017-06-29,34.4
2017-06-30,32.4
2017-07-01,30.8
2017-07-02,29.1
2017-07-03,27.5
2017-07-04,26.3
2017-07-05,24.8
2017-07-06,23.3
2017-07-07,22.3
2017-07-08,21.1
2017-07-09,19.8
2017-07-10,18.4
2017-07-11,17.3
2017-07-12,16.3
2017-07-13,15.5
2017-07-14,14.7
2017-07-15,14.0
2017-07-16,13.3
2017-07-17,12.7
2017-07-18,12.2
2017-07-19,11.4
2017-07-20,11.0
2017-07-21,10.5
2017-07-22,10.1
2017-07-23,9.61
2017-07-24,9.28
2017-07-25,8.93
2017-07-26,8.64
2017-07-27,8.33
2017-07-28,7.96
2017-07-29,7.65
2017-07-30,7.41
2017-07-31,7.11
2017-08-01,6.83
2017-08-02,8.1
2017-08-03,7.62
2017-08-04,6.89
2017-08-05,7.32
2017-08-06,7.02
2017-08-07,6.53
2017-08-08,6.26
2017-08-09,6.01
2017-08-10,5.78
2017-08-11,5.56
2017-08-12,5.41
2017-08-13,5.26
2017-08-14,5.24
2017-08-15,5.26
2017-08-16,5.18
2017-08-17,4.97
2017-08-18,4.85
2017-08-19,4.75
2017-08-20,4.59
2017-08-21,4.6
2017-08-22,4.67
2017-08-23,4.63
2017-08-24,4.35
2017-08-25,4.19
2017-08-26,4.04
2017-08-27,3.93
2017-08-28,3.82
2017-08-29,3.79
2017-08-30,3.74
2017-08-31,3.65
2017-09-01,3.56
2017-09-02,3.49
2017-09-03,3.46
2017-09-04,3.46
2017-09-05,3.75
2017-09-06,4.3
2017-09-07,4.15
2017-09-08,4.2
2017-09-09,4.18
2017-09-10,3.76
2017-09-11,3.77
2017-09-12,4.17
2017-09-13,4.74
2017-09-14,4.56
2017-09-15,4.02
2017-09-16,3.79
2017-09-17,3.66
2017-09-18,3.58
2017-09-19,3.53
2017-09-20,4.15
2017-09-21,5.18
2017-09-22,5.07
2017-09-23,4.6
2017-09-24,4.27
2017-09-25,4.07
2017-09-26,3.89
2017-09-27,3.73
2017-09-28,3.66
2017-09-29,3.6
2017-09-30,3.55
2017-10-01,3.54
2017-10-02,3.56
2017-10-03,3.61
2017-10-04,3.64
2017-10-05,3.62
2017-10-06,3.53
2017-10-07,3.44
2017-10-08,3.44
2017-10-09,3.43
2017-10-10,3.46
2017-10-11,3.43
2017-10-12,3.51
2017-10-13,3.54
2017-10-14,3.54
2017-10-15,3.54
2017-10-16,3.51
2017-10-17,3.44
2017-10-18,3.41
2017-10-19,3.43
2017-10-20,5.68
2017-10-21,4.31
2017-10-22,4.08
2017-10-23,3.82
2017-10-24,3.7
2017-10-25,3.6
2017-10-26,3.51
2017-10-27,3.44
2017-10-28,3.42
2017-10-29,3.41
2017-10-30,3.39
2017-10-31,3.38
2017-11-01,3.38
2017-11-02,3.37
2017-11-03,4.05
2017-11-04,6.14
2017-11-05,4.67
2017-11-06,4.08
2017-11-07,3.84
2017-11-08,3.91
2017-11-09,10.7
2017-11-10,6.14
2017-11-11,5.1
2017-11-12,4.5
2017-11-13,5.38
2017-11-14,6.82
2017-11-15,12.3
2017-11-16,64.9
2017-11-17,19.0
2017-11-18,10.7
2017-11-19,8.41
2017-11-20,8.65
2017-11-21,8.82
2017-11-22,7.74
2017-11-23,7.61
2017-11-24,7.57
2017-11-25,6.71
2017-11-26,15.5
2017-11-27,19.2
2017-11-28,11.1
2017-11-29,8.94
2017-11-30,7.85
2017-12-01,7.17
2017-12-02,6.62
2017-12-03,6.4
2017-12-04,5.89
2017-12-05,5.64
2017-12-06,5.38
2017-12-07,5.16
2017-12-08,4.96
2017-12-09,4.84
2017-12-10,4.67
2017-12-11,4.49
2017-12-12,4.38
2017-12-13,4.3
2017-12-14,4.3
2017-12-15,4.33
2017-12-16,4.45
2017-12-17,4.17
2017-12-18,4.1
2017-12-19,4.09
2017-12-20,4.21
2017-12-21,4.11
2017-12-22,3.99
2017-12-23,4.15
2017-12-24,4.17
2017-12-25,4.17
2017-12-26,4.0
2017-12-27,3.93
2017-12-28,3.86
2017-12-29,3.88
2017-12-30,3.89
2017-12-31,3.86
2018-01-01,3.91
2018-01-02,3.85
2018-01-03,3.96
2018-01-04,4.96
2018-01-05,8.08
2018-01-06,17.6
2018-01-07,7.72
2018-01-08,10.5
2018-01-09,19.2
2018-01-10,12.2
2018-01-11,9.38
2018-01-12,8.17
2018-01-13,7.43
2018-01-14,7.0
2018-01-15,6.79
2018-01-16,6.86
2018-01-17,6.61
2018-01-18,7.38
2018-01-19,7.56
2018-01-20,6.41
2018-01-21,6.18
2018-01-22,5.9
2018-01-23,5.6
2018-01-24,5.41
2018-01-25,5.67
2018-01-26,5.37
2018-01-27,5.29
2018-01-28,5.19
2018-01-29,5.1
2018-01-30,5.33
2018-01-31,5.38
2018-02-01,5.51
2018-02-02,5.59
2018-02-03,5.6
2018-02-04,5.67
2018-02-05,5.73
2018-02-06,5.55
2018-02-07,5.34
2018-02-08,5.42
2018-02-09,5.49
2018-02-10,5.33
2018-02-11,5.06
2018-02-12,4.88
2018-02-13,4.69
2018-02-14,4.5
2018-02-15,4.43
2018-02-16,4.36
2018-02-17,4.56
2018-02-18,4.52
2018-02-19,4.53
2018-02-20,3.99
2018-02-21,4.0
2018-02-22,4.11
2018-02-23,4.06
2018-02-24,4.05
2018-02-25,4.02
2018-02-26,4.04
2018-02-27,3.99
2018-02-28,4.02
2018-03-01,4.03
2018-03-02,3.28
2018-03-03,4.15
2018-03-04,4.03
2018-03-05,4.03
2018-03-06,4.02
2018-03-07,4.06
2018-03-08,4.5
2018-03-09,4.87
2018-03-10,4.89
2018-03-11,5.28
2018-03-12,6.15
2018-03-13,11.1
2018-03-14,9.69
2018-03-15,7.14
2018-03-16,6.14
2018-03-17,6.34
2018-03-18,5.91
2018-03-19,5.83
2018-03-20,5.98
2018-03-21,22.6
2018-03-22,37.0
2018-03-23,30.7
2018-03-24,19.9
2018-03-25,15.8
2018-03-26,14.0
2018-03-27,13.1
2018-03-28,14.3
2018-03-29,16.0
2018-03-30,17.4
2018-03-31,18.5
2018-04-01,21.3
2018-04-02,24.6
2018-04-03,25.3
2018-04-04,25.5
2018-04-05,28.3
2018-04-06,56.8
2018-04-07,115.0
2018-04-08,70.6
2018-04-09,60.6
2018-04-10,59.8
2018-04-11,52.7
2018-04-12,42.9
2018-04-13,38.4
2018-04-14,38.9
2018-04-15,39.9
2018-04-16,35.4
2018-04-17,31.6
2018-04-18,27.7
2018-04-19,25.1
2018-04-20,25.5
2018-04-21,28.3
2018-04-22,31.9
2018-04-23,33.3
2018-04-24,33.6
2018-04-25,34.9
2018-04-26,36.8
2018-04-27,38.8
2018-04-28,34.8
2018-04-29,31.7
2018-04-30,29.9
2018-05-01,29.6
2018-05-02,27.4
2018-05-03,26.5
2018-05-04,26.5
2018-05-05,25.8
2018-05-06,24.2
2018-05-07,23.0
2018-05-08,22.4
2018-05-09,22.1
2018-05-10,20.5
2018-05-11,19.2
2018-05-12,18.1
2018-05-13,18.4
2018-05-14,21.4
2018-05-15,20.0
2018-05-16,22.2
2018-05-17,21.3
2018-05-18,19.8
2018-05-19,18.2
2018-05-20,16.3
2018-05-21,15.7
2018-05-22,16.6
2018-05-23,16.2
2018-05-24,17.6
2018-05-25,28.3
2018-05-26,19.5
2018-05-27,17.1
2018-05-28,15.5
2018-05-29,14.5
2018-05-30,13.7
2018-05-31,12.7
2018-06-01,12.0
2018-06-02,11.4
2018-06-03,10.9
2018-06-04,10.4
2018-06-05,9.87
2018-06-06,9.39
2018-06-07,8.94
2018-06-08,8.56
2018-06-09,8.25
2018-06-10,7.85
2018-06-11,7.46
2018-06-12,7.04
2018-06-13,6.65
2018-06-14,6.31
2018-06-15,6.01
2018-06-16,5.86
2018-06-17,6.11
2018-06-18,5.85
2018-06-19,5.45
2018-06-20,5.1
2018-06-21,4.78
2018-06-22,4.58
2018-06-23,4.41
2018-06-24,4.22
2018-06-25,4.03
2018-06-26,3.81
2018-06-27,3.67
2018-06-28,3.58
2018-06-29,3.53
2018-06-30,3.43
2018-07-01,3.27
2018-07-02,3.17
2018-07-03,3.1
2018-07-04,3.0
2018-07-05,2.88
2018-07-06,2.81
2018-07-07,2.72
2018-07-08,2.58
2018-07-09,2.49
2018-07-10,2.46
2018-07-11,2.45
2018-07-12,2.4
2018-07-13,2.48
2018-07-14,2.43
2018-07-15,2.35
2018-07-16,2.23
2018-07-17,2.18
2018-07-18,2.03
2018-07-19,1.97
2018-07-20,1.94
2018-07-21,1.93
2018-07-22,1.97
2018-07-23,2.07
2018-07-24,2.04
2018-07-25,1.9
2018-07-26,1.85
2018-07-27,1.8
2018-07-28,1.78
2018-07-29,1.76
2018-07-30,1.78
2018-07-31,1.75
2018-08-01,1.71
2018-08-02,1.67
2018-08-03,1.66
2018-08-04,1.67
2018-08-05,1.69
2018-08-06,1.68
2018-08-07,1.68
2018-08-08,1.65
2018-08-09,1.61
2018-08-10,1.61
2018-08-11,1.6
2018-08-12,1.6
2018-08-13,1.58
2018-08-14,1.59
2018-08-15,1.58
2018-08-16,1.57
2018-08-17,1.57
2018-08-18,1.56
2018-08-19,1.55
2018-08-20,1.53
2018-08-21,1.55
2018-08-22,1.56
2018-08-23,1.6
2018-08-24,1.59
2018-08-25,1.58
2018-08-26,1.57
2018-08-27,1.58
2018-08-28,1.61
2018-08-29,1.65
2018-08-30,1.6
2018-08-31,1.61
2018-09-01,1.62
2018-09-02,1.59
2018-09-03,1.57
2018-09-04,1.57
2018-09-05,1.58
2018-09-06,1.57
2018-09-07,1.55
2018-09-08,1.54
2018-09-09,1.56
2018-09-10,1.58
2018-09-11,1.58
2018-09-12,1.56
2018-09-13,1.58
2018-09-14,1.61
2018-09-15,1.61
2018-09-16,1.61
2018-09-17,1.61
2018-09-18,1.63
2018-09-19,1.64
2018-09-20,1.66
2018-09-21,1.65
2018-09-22,1.62
2018-09-23,1.61
2018-09-24,1.64
2018-09-25,1.66
2018-09-26,1.65
2018-09-27,1.67
2018-09-28,1.65
2018-09-29,1.67
2018-09-30,1.71
2018-10-01,1.74
2018-10-02,1.7
2018-10-03,2.7
2018-10-04,2.46
2018-10-05,2.13
2018-10-06,2.25
2018-10-07,2.07
2018-10-08,2.01
2018-10-09,1.98
2018-10-10,1.96
2018-10-11,1.98
2018-10-12,1.96
2018-10-13,1.95
2018-10-14,1.93
2018-10-15,1.97
2018-10-16,2.02
2018-10-17,2.02
2018-10-18,2.02
2018-10-19,2.0
2018-10-20,2.02
2018-10-21,2.02
2018-10-22,2.02
2018-10-23,2.02
2018-10-24,2.02
2018-10-25,2.02
2018-10-26,2.02
2018-10-27,1.99
2018-10-28,1.99
2018-10-29,2.02
2018-10-30,2.02
2018-10-31,2.06
2018-11-01,2.06
2018-11-02,2.04
2018-11-03,2.03
2018-11-04,2.04
2018-11-05,2.03
2018-11-06,2.04
2018-11-07,2.05
2018-11-08,2.02
2018-11-09,2.02
2018-11-10,2.08
2018-11-11,2.06
2018-11-12,2.03
2018-11-13,2.1
2018-11-14,2.12
2018-11-15,2.17
2018-11-16,2.16
2018-11-17,2.16
2018-11-18,2.12
2018-11-19,2.08
2018-11-20,2.1
2018-11-21,2.38
2018-11-22,2.52
2018-11-23,4.13
2018-11-24,5.56
2018-11-25,3.3
2018-11-26,2.79
2018-11-27,3.04
2018-11-28,3.91
2018-11-29,3.35
2018-11-30,2.91
2018-12-01,2.78
2018-12-02,2.66
2018-12-03,2.59
2018-12-04,2.62
2018-12-05,2.63
2018-12-06,2.63
2018-12-07,2.57
2018-12-08,2.5
2018-12-09,2.5
2018-12-10,2.5
2018-12-11,2.5
2018-12-12,2.5
2018-12-13,2.5
2018-12-14,2.51
2018-12-15,2.52
2018-12-16,2.58
2018-12-17,2.67
2018-12-18,2.63
2018-12-19,2.63
2018-12-20,2.65
2018-12-21,3.32
2018-12-22,3.03
2018-12-23,2.87
2018-12-24,5.02
2018-12-25,4.41
2018-12-26,3.38
2018-12-27,3.1
2018-12-28,2.88
2018-12-29,2.76
2018-12-30,2.76
2018-12-31,2.66
2019-01-01,2.5
2019-01-02,2.46
2019-01-03,2.5
2019-01-04,2.52
2019-01-05,2.66
2019-01-06,2.45
2019-01-07,3.19
2019-01-08,2.79
2019-01-09,3.31
2019-01-10,3.1
2019-01-11,2.9
2019-01-12,2.89
2019-01-13,2.77
2019-01-14,2.76
2019-01-15,2.74
2019-01-16,3.95
2019-01-17,7.46
2019-01-18,4.45
2019-01-19,4.34
2019-01-20,7.85
2019-01-21,6.95
2019-01-22,4.96
2019-01-23,4.22
2019-01-24,3.94
2019-01-25,3.71
2019-01-26,3.54
2019-01-27,3.49
2019-01-28,3.49
2019-01-29,3.43
2019-01-30,3.49
2019-01-31,3.55
2019-02-01,3.69
2019-02-02,5.41
2019-02-03,4.57
2019-02-04,4.17
2019-02-05,3.94
2019-02-06,3.63
2019-02-07,3.53
2019-02-08,3.46
2019-02-09,3.13
2019-02-10,3.86
2019-02-11,3.38
2019-02-12,3.2
2019-02-13,6.92
2019-02-14,31.4
2019-02-15,22.7
2019-02-16,12.1
2019-02-17,8.13
2019-02-18,6.8
2019-02-19,6.14
2019-02-20,5.66
2019-02-21,5.31
2019-02-22,4.97
2019-02-23,4.72
2019-02-24,4.56
2019-02-25,4.52
2019-02-26,4.46
2019-02-27,4.62
2019-02-28,4.79
2019-03-01,4.47
2019-03-02,4.41
2019-03-03,5.06
2019-03-04,5.58
2019-03-05,5.31
2019-03-06,5.99
2019-03-07,6.01
2019-03-08,5.49
2019-03-09,5.17
2019-03-10,4.94
2019-03-11,4.75
2019-03-12,4.71
2019-03-13,4.55
2019-03-14,4.39
2019-03-15,4.34
2019-03-16,4.44
2019-03-17,4.75
2019-03-18,5.27
2019-03-19,5.79
2019-03-20,6.23
2019-03-21,6.0
2019-03-22,5.72
2019-03-23,5.65
2019-03-24,5.56
2019-03-25,5.8
2019-03-26,6.36
2019-03-27,8.55
2019-03-28,8.07
2019-03-29,7.23
2019-03-30,7.23
2019-03-31,7.71
2019-04-01,8.92
2019-04-02,13.2
2019-04-03,13.7
2019-04-04,13.4
2019-04-05,13.1
2019-04-06,12.7
2019-04-07,17.3
2019-04-08,28.2
2019-04-09,49.9
2019-04-10,31.4
2019-04-11,24.7
2019-04-12,22.0
2019-04-13,25.2
2019-04-14,28.4
2019-04-15,30.4
2019-04-16,28.3
2019-04-17,30.9
2019-04-18,39.2
2019-04-19,46.4
2019-04-20,50.2
2019-04-21,47.9
2019-04-22,49.3
2019-04-23,55.8
2019-04-24,66.9
2019-04-25,82.6
2019-04-26,89.7
2019-04-27,86.6
2019-04-28,83.8
2019-04-29,85.9
2019-04-30,72.3
2019-05-01,65.6
2019-05-02,64.9
2019-05-03,66.3
2019-05-04,70.6
2019-05-05,70.0
2019-05-06,73.8
2019-05-07,80.1
2019-05-08,83.5
2019-05-09,79.5
2019-05-10,76.4
2019-05-11,74.9
2019-05-12,77.6
2019-05-13,81.2
2019-05-14,75.4
2019-05-15,75.6
2019-05-16,92.9
2019-05-17,67.2
2019-05-18,60.7
2019-05-19,58.8
2019-05-20,51.6
2019-05-21,49.9
2019-05-22,46.6
2019-05-23,50.5
2019-05-24,48.7
2019-05-25,51.8
2019-05-26,51.9
2019-05-27,47.8
2019-05-28,51.1
2019-05-29,53.0
2019-05-30,53.7
2019-05-31,53.7
2019-06-01,56.4
2019-06-02,61.1
2019-06-03,62.8
2019-06-04,67.1
2019-06-05,70.3
2019-06-06,71.6
2019-06-07,66.3
2019-06-08,60.0
2019-06-09,55.6
2019-06-10,54.0
2019-06-11,55.0
2019-06-12,54.7
2019-06-13,54.5
2019-06-14,53.3
2019-06-15,51.2
2019-06-16,54.9
2019-06-17,49.8
2019-06-18,45.6
2019-06-19,42.4
2019-06-20,40.8
2019-06-21,37.7
2019-06-22,33.2
2019-06-23,30.4
2019-06-24,29.0
2019-06-25,26.6
2019-06-26,24.0
2019-06-27,21.3
2019-06-28,19.6
2019-06-29,18.1
2019-06-30,16.8
2019-07-01,15.7
2019-07-02,14.9
2019-07-03,14.0
2019-07-04,13.3
2019-07-05,12.7
2019-07-06,12.2
2019-07-07,11.6
2019-07-08,10.9
2019-07-09,10.5
2019-07-10,9.86
2019-07-11,9.24
2019-07-12,8.87
2019-07-13,8.49
2019-07-14,7.98
2019-07-15,7.51
2019-07-16,7.28
2019-07-17,7.05
2019-07-18,6.68
2019-07-19,6.41
2019-07-20,6.12
2019-07-21,5.9
2019-07-22,5.53
2019-07-23,5.3
2019-07-24,5.08
2019-07-25,4.89
2019-07-26,4.71
2019-07-27,4.61
2019-07-28,4.4
2019-07-29,4.22
2019-07-30,4.04
2019-07-31,3.88
2019-08-01,3.75
2019-08-02,3.69
2019-08-03,3.56
2019-08-04,3.41
2019-08-05,3.29
2019-08-06,3.21
2019-08-07,3.19
2019-08-08,3.11
2019-08-09,3.07
2019-08-10,3.16
2019-08-11,3.17
2019-08-12,3.04
2019-08-13,2.92
2019-08-14,2.79
2019-08-15,2.65
2019-08-16,2.59
2019-08-17,2.58
2019-08-18,2.55
2019-08-19,2.49
2019-08-20,2.47
2019-08-21,2.45
2019-08-22,2.48
2019-08-23,2.45
2019-08-24,2.43
2019-08-25,2.38
2019-08-26,2.33
2019-08-27,2.32
2019-08-28,2.28
2019-08-29,2.25
2019-08-30,2.21
2019-08-31,2.18
2019-09-01,2.15
2019-09-02,2.14
2019-09-03,2.11
2019-09-04,2.38
2019-09-05,2.39
2019-09-06,2.23
2019-09-07,2.19
2019-09-08,2.19
2019-09-09,2.22
2019-09-10,2.32
2019-09-11,2.31
2019-09-12,2.21
2019-09-13,2.16
2019-09-14,2.11
2019-09-15,2.02
2019-09-16,3.62
2019-09-17,2.91
2019-09-18,2.92
2019-09-19,3.36
2019-09-20,2.89
2019-09-21,2.66
2019-09-22,2.54
2019-09-23,2.48
2019-09-24,2.4
2019-09-25,2.32
2019-09-26,2.28
2019-09-27,2.23
2019-09-28,2.86
2019-09-29,3.0
2019-09-30,3.29
2019-10-01,3.06
2019-10-02,2.92
2019-10-03,2.82
2019-10-04,2.71
2019-10-05,2.65
2019-10-06,2.6
2019-10-07,2.54
2019-10-08,2.5
2019-10-09,2.45
2019-10-10,2.54
2019-10-11,2.65
2019-10-12,2.62
2019-10-13,2.58
2019-10-14,2.54
